;;; -*- Mode:Common-Lisp; Base:10 -*-
;;; *-* Last-edit: 11/21/90 15:42:14 by Brodley; *-* 

REGION-CENTROID-COL,REGION-CENTROID-ROW,REGION-PIXEL-COUNT,SHORT-LINE-DENSITY-5,SHORT-LINE-DENSITY-2,VEDGE-MEAN,VEDGE-SD,HEDGE-MEAN,HEDGE-SD,INTENSITY-MEAN,RAWRED-MEAN,RAWBLUE-MEAN,RAWGREEN-MEAN,EXRED-MEAN,EXBLUE-MEAN,EXGREEN-MEAN,VALUE-MEAN,SATURATION-MEAN,HUE-MEAN

GRASS,110.0,189.0,9,0.0,0.0,1.0000004,0.66666675,1.2222223,1.1863422,12.925926,10.888889,9.222222,18.666668,-6.111111,-11.111111,17.222221,18.666668,0.50813884,1.9108642
GRASS,86.0,187.0,9,0.0,0.0,1.1111108,0.7200825,1.4444445,0.750309,13.740741,11.666667,10.333334,19.222221,-6.2222223,-10.222222,16.444445,19.222221,0.46332908,1.9414649
GRASS,225.0,244.0,9,0.0,0.0,3.3888886,2.1951127,2.9999998,1.5202343,12.259259,10.333334,9.333334,17.11111,-5.7777777,-8.777778,14.555555,17.11111,0.48014903,1.9879022
GRASS,47.0,232.0,9,0.0,0.0,1.2777778,1.254621,1.0,0.8944273,12.703704,11.0,9.0,18.11111,-5.111111,-11.111111,16.222221,18.11111,0.50096595,1.875362
GRASS,97.0,186.0,9,0.0,0.0,1.1666671,0.6912147,1.1666671,1.0055404,15.592592,13.888889,11.777778,21.11111,-5.111111,-11.444445,16.555555,21.11111,0.44266057,1.8636538
