;;; -*- Mode:Common-Lisp; Base:10 -*-
;;; *-* Last-edit: 11/21/90 15:42:14 by Brodley; *-* 

REGION-CENTROID-COL,REGION-CENTROID-ROW,REGION-PIXEL-COUNT,SHORT-LINE-DENSITY-5,SHORT-LINE-DENSITY-2,VEDGE-MEAN,VEDGE-SD,HEDGE-MEAN,HEDGE-SD,INTENSITY-MEAN,RAWRED-MEAN,RAWBLUE-MEAN,RAWGREEN-MEAN,EXRED-MEAN,EXBLUE-MEAN,EXGREEN-MEAN,VALUE-MEAN,SATURATION-MEAN,HUE-MEAN

GRASS,110.0,189.0,9,0.0,0.0,1.0000004,0.66666675,1.2222223,1.1863422,12.925926,10.888889,9.222222,18.666668,-6.111111,-11.111111,17.222221,18.666668,0.50813884,1.9108642
GRASS,86.0,187.0,9,0.0,0.0,1.1111108,0.7200825,1.4444445,0.750309,13.740741,11.666667,10.333334,19.222221,-6.2222223,-10.222222,16.444445,19.222221,0.46332908,1.9414649
GRASS,225.0,244.0,9,0.0,0.0,3.3888886,2.1951127,2.9999998,1.5202343,12.259259,10.333334,9.333334,17.11111,-5.7777777,-8.777778,14.555555,17.11111,0.48014903,1.9879022
GRASS,47.0,232.0,9,0.0,0.0,1.2777778,1.254621,1.0,0.8944273,12.703704,11.0,9.0,18.11111,-5.111111,-11.111111,16.222221,18.11111,0.50096595,1.875362
GRASS,97.0,186.0,9,0.0,0.0,1.1666671,0.6912147,1.1666671,1.0055404,15.592592,13.888889,11.777778,21.11111,-5.111111,-11.444445,16.555555,21.11111,0.44266057,1.8636538
GRASS,157.0,221.0,9,0.0,0.0,1.0555555,0.6469299,1.2222222,0.6206328,12.111111,10.222222,8.111112,18.0,-5.6666665,-12.0,17.666666,18.0,0.5491797,1.8771459
GRASS,62.0,224.0,9,0.0,0.0,0.9444445,1.083547,2.3333335,1.6329932,14.62963,13.222222,11.444445,19.222221,-4.2222223,-9.555555,13.777778,19.222221,0.40896538,1.8601909
GRASS,27.0,248.0,9,0.11111111,0.0,1.611111,0.6469295,3.1666667,1.7224005,15.296296,14.777778,12.888889,18.222221,-1.5555556,-7.2222223,8.777778,18.222221,0.31222734,1.7835119
GRASS,44.0,233.0,9,0.0,0.0,2.2222219,2.1464872,2.111111,1.3277657,14.481482,12.555555,11.333333,19.555555,-5.7777777,-9.444445,15.222222,19.555555,0.42217422,1.9504046
GRASS,17.0,229.0,9,0.0,0.0,2.1111114,1.9851303,2.4444447,1.6147469,13.703704,11.222222,11.111111,18.777779,-7.4444447,-7.7777777,15.222222,18.777779,0.4398524,2.0999045
GRASS,32.0,240.0,9,0.0,0.0,1.2777776,1.540803,2.2777777,1.7051125,12.148149,9.777778,9.333334,17.333334,-7.111111,-8.444445,15.555555,17.333334,0.47067475,2.0438652
GRASS,55.0,209.0,9,0.11111111,0.0,1.8333331,1.2952907,1.3888888,0.99814624,12.518518,10.333334,10.333334,16.88889,-6.5555553,-6.5555553,13.111111,16.88889,0.40790388,2.0992203
GRASS,138.0,203.0,9,0.0,0.0,1.666667,1.6465453,2.2777781,1.8787308,11.259259,8.777778,8.111112,16.88889,-7.4444447,-9.444445,16.88889,16.88889,0.53894526,2.019747
GRASS,90.0,189.0,9,0.0,0.0,0.88888884,0.7793635,1.0555555,0.82775915,12.888889,10.444445,9.444445,18.777779,-7.3333335,-10.333333,17.666666,18.777779,0.49709514,1.9855517
GRASS,245.0,238.0,9,0.11111111,0.0,1.6666665,2.5385911,2.3333333,2.4404008,8.925926,6.3333335,6.5555553,13.888889,-7.7777777,-7.111111,14.888889,13.888889,0.59701496,2.1260629
GRASS,58.0,217.0,9,0.0,0.0,1.3888888,1.06284,1.6666665,1.3498971,11.925926,9.777778,9.0,17.0,-6.4444447,-8.777778,15.222222,17.0,0.48659843,2.0066419
GRASS,146.0,201.0,9,0.0,0.0,0.61111087,0.32773054,1.0555555,0.8004625,10.666667,8.666667,7.0,16.333334,-6.0,-11.0,17.0,16.333334,0.5708515,1.9092555
GRASS,19.0,184.0,9,0.0,0.0,0.5555555,0.34426498,0.8333333,0.62360954,14.222222,12.333333,11.0,19.333334,-5.6666665,-9.666667,15.333333,19.333334,0.43115196,1.9378915
GRASS,245.0,176.0,9,0.0,0.0,1.0000006,0.516398,1.0,0.5577736,18.481482,15.111111,17.0,23.333334,-10.111111,-4.4444447,14.555555,23.333334,0.35206997,2.332243
GRASS,228.0,182.0,9,0.11111111,0.0,0.88888854,0.68853056,0.7777775,0.6554615,16.777779,14.555555,12.777778,23.0,-6.6666665,-12.0,18.666666,23.0,0.44435817,1.9164191
GRASS,80.0,203.0,9,0.0,0.0,1.3888887,0.74286735,1.9444443,1.5263122,12.407408,10.0,9.0,18.222221,-7.2222223,-10.222222,17.444445,18.222221,0.5144446,1.9867483
GRASS,184.0,197.0,9,0.0,0.0,3.0555553,3.2551951,4.5555553,2.7460418,11.962963,8.888889,9.555555,17.444445,-9.222222,-7.2222223,16.444445,17.444445,0.51518697,2.164262
GRASS,85.0,223.0,9,0.11111111,0.0,1.7777776,1.0470417,1.9444445,1.5116831,14.740741,12.666667,11.555555,20.0,-6.2222223,-9.555555,15.777778,20.0,0.42312294,1.9665359
GRASS,162.0,237.0,9,0.11111111,0.0,2.2777777,1.1434193,2.6666667,2.564718,13.222222,10.888889,10.0,18.777779,-7.0,-9.666667,16.666666,18.777779,0.47282594,1.9903806
GRASS,116.0,245.0,9,0.0,0.0,2.277778,1.1626909,2.2777777,1.496911,16.37037,13.555555,14.333333,21.222221,-8.444445,-6.111111,14.555555,21.222221,0.38490298,2.1980507
GRASS,44.0,187.0,9,0.0,0.0,1.4444448,0.3442649,0.8333335,1.0274024,15.222222,13.222222,12.777778,19.666668,-6.0,-7.3333335,13.333333,19.666668,0.35552603,2.038483
GRASS,215.0,219.0,9,0.0,0.0,2.5555556,2.2377238,3.2222223,2.491467,13.222222,10.333334,10.222222,19.11111,-8.666667,-9.0,17.666666,19.11111,0.49459508,2.0861003
GRASS,200.0,250.0,9,0.0,0.0,2.2777777,1.420746,1.4444445,1.0255988,9.222222,6.5555553,7.3333335,13.777778,-8.0,-5.6666665,13.666667,13.777778,0.5633903,2.1929355
GRASS,114.0,238.0,9,0.0,0.0,1.666667,1.1352924,1.4444445,1.0680548,13.62963,11.111111,10.666667,19.11111,-7.5555553,-8.888889,16.444445,19.11111,0.46145898,2.0466826
GRASS,30.0,251.0,9,0.0,0.0,2.444444,1.8816857,8.0,1.6055425,20.666666,21.444445,17.777779,22.777779,2.3333333,-8.666667,6.3333335,22.777779,0.23141664,1.2870604
GRASS,34.0,164.0,9,0.0,0.0,0.888889,0.40368673,1.2777778,0.49065349,11.333333,9.222222,10.333334,14.444445,-6.3333335,-3.0,9.333333,14.444445,0.367923,2.291118
GRASS,102.0,203.0,9,0.0,0.0,0.6666665,0.760117,1.3333331,0.8944272,9.777778,7.4444447,6.4444447,15.444445,-7.0,-10.0,17.0,15.444445,0.5918262,1.9847853
GRASS,217.0,245.0,9,0.11111111,0.11111111,3.1666667,3.0166214,2.1666667,1.2427571,9.740741,7.4444447,7.111111,14.666667,-6.888889,-7.888889,14.777778,14.666667,0.57276654,2.0694523
GRASS,163.0,210.0,9,0.0,0.0,1.5555555,0.5443307,1.4999999,0.9603243,11.851851,9.333334,8.888889,17.333334,-7.5555553,-8.888889,16.444445,17.333334,0.48873982,2.0437257
GRASS,4.0,188.0,9,0.0,0.0,1.5555555,0.68853056,2.333333,0.7601162,15.740741,13.333333,14.0,19.88889,-7.2222223,-5.2222223,12.444445,19.88889,0.3424082,2.2046695
GRASS,34.0,169.0,9,0.0,0.0,0.8333333,0.5055251,1.6111112,0.8798151,12.814815,10.666667,9.777778,18.0,-6.4444447,-9.111111,15.555555,18.0,0.46356925,1.9931829
GRASS,47.0,209.0,9,0.0,0.0,1.7222222,1.2895589,1.388889,0.92895794,11.62963,9.555555,9.222222,16.11111,-6.2222223,-7.2222223,13.444445,16.11111,0.46432462,2.0609548
GRASS,158.0,195.0,9,0.0,0.0,2.4444442,2.3444183,2.8333333,1.7224011,11.703704,9.444445,8.555555,17.11111,-6.7777777,-9.444445,16.222221,17.11111,0.5177167,2.011228
GRASS,176.0,233.0,9,0.11111111,0.0,1.4444443,1.1482676,2.611111,1.90224,12.481482,10.333334,8.333334,18.777779,-6.4444447,-12.444445,18.88889,18.777779,0.554881,1.9036856
GRASS,223.0,185.0,9,0.0,0.0,0.5,0.34960312,2.3888886,2.0807757,12.962963,11.555555,9.777778,17.555555,-4.2222223,-9.555555,13.777778,17.555555,0.44541803,1.8388497
GRASS,10.0,223.0,9,0.11111111,0.0,1.5000001,1.0697871,3.555556,2.9489486,15.037037,13.777778,12.888889,18.444445,-3.7777777,-6.4444447,10.222222,18.444445,0.33066535,1.9109454
GRASS,166.0,222.0,9,0.0,0.0,1.5555555,0.83444345,1.1666665,0.6236094,10.481482,8.666667,6.6666665,16.11111,-5.4444447,-11.444445,16.88889,16.11111,0.58765954,1.8704867
GRASS,175.0,212.0,9,0.11111111,0.0,1.0000001,0.666667,1.8333334,1.345775,12.296296,10.0,9.0,17.88889,-6.888889,-9.888889,16.777779,17.88889,0.4987573,1.9744948
GRASS,88.0,211.0,9,0.22222222,0.0,1.388889,0.87981474,2.4444444,1.4555134,10.814815,8.888889,7.6666665,15.888889,-5.7777777,-9.444445,15.222222,15.888889,0.52432793,1.9408315
GRASS,170.0,226.0,9,0.0,0.0,1.5555553,1.4246508,2.3888888,1.2895594,11.888889,10.111111,8.0,17.555555,-5.3333335,-11.666667,17.0,17.555555,0.5483297,1.872506
GRASS,75.0,226.0,9,0.0,0.0,2.2222226,0.6554613,1.611111,1.0201668,16.703703,15.333333,13.0,21.777779,-4.111111,-11.111111,15.222222,21.777779,0.40474883,1.8223403
GRASS,2.0,198.0,9,0.11111111,0.0,0.888889,0.6206327,1.9444448,1.3567389,12.185185,9.666667,10.555555,16.333334,-7.5555553,-4.888889,12.444445,16.333334,0.4157716,2.2212758
GRASS,85.0,225.0,9,0.0,0.0,1.5,1.0055401,1.6111113,1.2895594,16.185184,14.444445,12.777778,21.333334,-5.2222223,-10.222222,15.444445,21.333334,0.40115124,1.8910155
PATH,165.0,186.0,9,0.0,0.0,2.5555546,1.5729187,2.0,1.173788,49.51852,45.11111,61.11111,42.333336,-13.222222,34.77778,-21.555555,61.11111,0.3072572,-1.9408131
PATH,64.0,176.0,9,0.0,0.0,2.3333328,0.91893756,1.0000006,0.91893756,50.77778,46.0,62.333332,44.0,-14.333333,34.666668,-20.333334,62.333332,0.29405567,-1.9808797
PATH,200.0,189.0,9,0.0,0.0,1.1111113,1.0886619,3.1666667,1.0055408,49.666668,45.11111,60.88889,43.0,-13.666667,33.666668,-20.0,60.88889,0.2938097,-1.9732205
PATH,135.0,185.0,9,0.11111111,0.0,2.2222214,2.8100352,2.2777793,1.2895584,47.962963,44.11111,57.333332,42.444443,-11.555555,28.11111,-16.555555,57.333332,0.2591888,-1.9820988
PATH,183.0,185.0,9,0.0,0.0,2.8888881,1.4246495,5.777777,5.556445,44.962963,40.666668,55.0,39.22222,-12.888889,30.11111,-17.222221,55.0,0.28574014,-2.0049882
PATH,253.0,192.0,9,0.0,0.0,2.1666667,2.0083156,2.5555553,1.5444032,47.51852,42.333336,59.22222,41.0,-15.555555,35.11111,-19.555555,59.22222,0.3074729,-2.020234
PATH,54.0,176.0,9,0.0,0.0,2.1111126,0.68853056,2.6666672,2.6915512,50.666668,46.0,62.666668,43.333332,-14.0,36.0,-22.0,62.666668,0.30857325,-1.9514097
PATH,86.0,179.0,9,0.0,0.0,2.0,1.2823589,3.555556,3.0743864,50.555557,45.77778,62.11111,43.77778,-14.333333,34.666668,-20.333334,62.11111,0.29654688,-1.9786568
PATH,250.0,196.0,9,0.0,0.0,1.4999994,1.5018506,2.2777767,1.2186811,47.77778,42.666668,58.77778,41.88889,-15.333333,33.0,-17.666666,58.77778,0.28913772,-2.0459957
PATH,237.0,192.0,9,0.11111111,0.0,0.8333333,0.54772305,4.3888893,3.5239923,46.37037,41.11111,57.666668,40.333336,-15.777778,33.88889,-18.11111,57.666668,0.3026748,-2.047243
PATH,214.0,194.0,9,0.0,0.0,1.222222,1.0255985,3.2222226,1.6953099,45.074074,40.22222,55.444443,39.555557,-14.555555,31.11111,-16.555555,55.444443,0.29197225,-2.0469983
PATH,160.0,187.0,9,0.11111111,0.0,2.6111119,1.9369694,5.1111107,3.5381508,49.48148,44.666668,60.88889,42.88889,-14.444445,34.22222,-19.777779,60.88889,0.2973408,-1.9906267
PATH,201.0,191.0,9,0.0,0.0,1.0000006,0.76011723,2.944444,1.0201671,49.185184,44.666668,59.77778,43.11111,-13.555555,31.777779,-18.222221,59.77778,0.2788862,-1.9989927
PATH,217.0,195.0,9,0.0,0.0,4.2222233,3.284081,2.3888893,2.102027,45.074074,39.666668,55.555557,40.0,-16.222221,31.444445,-15.222222,55.555557,0.2929567,-2.1185718
PATH,185.0,188.0,9,0.0,0.0,1.7777767,1.1287484,1.9999994,1.2472184,50.185184,45.0,62.11111,43.444443,-15.555555,35.77778,-20.222221,62.11111,0.3004298,-2.0073802
PATH,65.0,176.0,9,0.0,0.0,2.8888886,1.4707015,1.5,1.1690452,49.74074,45.22222,61.0,43.0,-13.555555,33.77778,-20.222221,61.0,0.294787,-1.9657031
PATH,251.0,195.0,9,0.0,0.0,2.944444,2.8784,3.833334,2.3546653,47.925926,42.555557,59.22222,42.0,-16.11111,33.88889,-17.777779,59.22222,0.2918749,-2.0567336
PATH,149.0,182.0,9,0.11111111,0.0,3.1111126,3.2087827,7.0,5.6489916,39.851852,37.22222,47.333332,35.0,-7.888889,22.444445,-14.555555,47.333332,0.24779001,-1.8682772
PATH,171.0,187.0,9,0.0,0.11111111,2.9444454,1.7309813,2.6666672,2.4312778,48.37037,43.333332,60.11111,41.666668,-15.111111,35.22222,-20.11111,60.11111,0.3067255,-1.9985466
PATH,249.0,200.0,9,0.0,0.0,2.5555546,2.6218467,2.5,1.2064643,45.296295,40.666668,55.77778,39.444443,-13.888889,31.444445,-17.555555,55.77778,0.29278436,-2.0166461
PATH,24.0,172.0,9,0.0,0.0,1.166667,0.9128703,9.777778,5.455545,42.037037,38.0,50.333332,37.77778,-12.111111,24.88889,-12.777778,50.333332,0.24983571,-2.143718
PATH,129.0,184.0,9,0.11111111,0.0,2.222222,0.91084087,3.6111114,1.8186271,45.22222,41.77778,54.444443,39.444443,-10.333333,27.666666,-17.333334,54.444443,0.2758183,-1.9301959
PATH,77.0,177.0,9,0.0,0.0,1.3333327,1.3333344,2.1666672,1.9748423,48.407406,44.22222,59.333332,41.666668,-12.555555,32.77778,-20.222221,59.333332,0.29743084,-1.9404231
PATH,189.0,187.0,9,0.0,0.0,1.2222227,1.0036974,3.0555553,2.3890193,48.51852,44.11111,59.88889,41.555557,-13.222222,34.11111,-20.88889,59.88889,0.30575457,-1.9474715
PATH,53.0,176.0,9,0.0,0.0,1.9444453,0.8798155,1.5555559,1.9962938,50.296295,45.444443,62.11111,43.333332,-14.555555,35.444443,-20.88889,62.11111,0.3024212,-1.9775702
PATH,223.0,190.0,9,0.0,0.0,1.9999994,1.0327959,2.055556,1.4669192,46.88889,42.0,57.77778,40.88889,-14.666667,32.666668,-18.0,57.77778,0.29222646,-2.0251334
PATH,188.0,190.0,9,0.0,0.0,1.9444447,0.9756285,2.055556,1.103865,48.88889,44.22222,60.0,42.444443,-14.0,33.333332,-19.333334,60.0,0.29230747,-1.9863075
PATH,205.0,190.0,9,0.0,0.0,1.2777773,0.9981452,1.6111107,1.1238158,49.48148,44.77778,60.666668,43.0,-14.111111,33.555557,-19.444445,60.666668,0.29078844,-1.9875989
PATH,214.0,195.0,9,0.0,0.0,0.8333333,0.6582802,2.0,0.9660913,46.555557,41.11111,57.333332,41.22222,-16.333334,32.333332,-16.0,57.333332,0.2902986,-2.1013772
PATH,147.0,182.0,9,0.0,0.0,2.2777786,1.7051128,2.9444447,1.5974519,43.592594,40.333336,52.555557,37.88889,-9.777778,26.88889,-17.11111,52.555557,0.27866945,-1.9191672
PATH,70.0,177.0,9,0.0,0.0,2.166666,1.0697887,1.666666,1.173788,49.444443,45.0,61.0,42.333336,-13.333333,34.666668,-21.333334,61.0,0.30596185,-1.9426625
PATH,173.0,190.0,9,0.11111111,0.0,2.3333328,2.5647182,1.5555559,1.2049291,50.444443,44.88889,62.333332,44.11111,-16.666666,35.666668,-19.0,62.333332,0.2921254,-2.048697
PATH,215.0,193.0,9,0.0,0.0,1.9999994,0.5163988,4.8333335,1.2952919,45.22222,40.88889,55.333332,39.444443,-13.0,30.333334,-17.333334,55.333332,0.28924206,-2.0001178
PATH,168.0,184.0,9,0.0,0.0,4.6666665,1.5202329,5.8333325,1.8104627,48.25926,43.88889,58.666668,42.22222,-13.111111,31.222221,-18.11111,58.666668,0.2781955,-1.9867758
PATH,227.0,196.0,9,0.0,0.0,2.6111114,2.360949,3.5555565,1.6953094,47.185184,42.11111,58.22222,41.22222,-15.222222,33.11111,-17.88889,58.22222,0.2924689,-2.0394914
PATH,202.0,193.0,9,0.0,0.0,1.111112,0.7503075,3.3888881,2.489236,41.703705,37.88889,50.666668,36.555557,-11.444445,26.88889,-15.444445,50.666668,0.27838665,-1.9929975
PATH,185.0,186.0,9,0.0,0.0,2.1666667,1.8589127,2.9999993,1.3498974,48.22222,44.0,58.88889,41.77778,-12.666667,32.0,-19.333334,58.88889,0.29042712,-1.9560229
PATH,248.0,200.0,9,0.0,0.0,1.388888,0.9525792,1.777778,1.1674607,46.11111,41.333336,56.555557,40.444443,-14.333333,31.333334,-17.0,56.555557,0.28666258,-2.0380163
PATH,253.0,201.0,9,0.0,0.0,2.9999993,2.6915498,2.8333328,2.3357134,43.962963,39.22222,53.88889,38.77778,-14.222222,29.777779,-15.555555,53.88889,0.2808298,-2.0678604
PATH,252.0,201.0,9,0.0,0.0,4.6111107,5.495115,5.5555553,5.795274,40.296295,35.77778,49.0,36.11111,-13.555555,26.11111,-12.555555,49.0,0.2753682,-2.1758256
PATH,228.0,191.0,9,0.0,0.0,1.4444447,0.6206325,2.3333328,1.1925693,49.22222,44.0,60.555557,43.11111,-15.666667,34.0,-18.333334,60.555557,0.28958246,-2.040515
PATH,102.0,179.0,9,0.11111111,0.0,1.8333334,1.5311582,2.4444447,1.8816848,49.185184,44.88889,59.77778,42.88889,-12.888889,31.777779,-18.88889,59.77778,0.28268683,-1.970398
PATH,235.0,196.0,9,0.0,0.0,1.6666666,1.333334,2.222222,1.1482682,47.25926,41.77778,58.555557,41.444443,-16.444445,33.88889,-17.444445,58.555557,0.29423782,-2.0746155
PATH,110.0,182.0,9,0.0,0.0,2.3888893,1.7940235,2.555556,1.5587274,46.37037,42.666668,56.333332,40.11111,-11.111111,29.88889,-18.777779,56.333332,0.28764573,-1.9300476
PATH,209.0,191.0,9,0.0,0.11111111,3.0555553,2.3037815,5.722222,6.071487,48.22222,43.88889,58.666668,42.11111,-13.0,31.333334,-18.333334,58.666668,0.27976418,-1.964901
PATH,235.0,195.0,9,0.0,0.0,1.8888887,2.0940824,2.9999988,1.7384534,48.333332,42.77778,59.666668,42.555557,-16.666666,34.0,-17.333334,59.666668,0.29058507,-2.0810955
PATH,236.0,193.0,9,0.0,0.0,2.6666653,1.6865476,4.0555553,3.2756124,49.11111,43.333332,61.22222,42.77778,-17.333334,36.333332,-19.0,61.22222,0.30314395,-2.0654206
PATH,180.0,186.0,9,0.11111111,0.0,1.5000013,1.7981453,1.9444441,1.7815933,49.62963,45.0,61.333332,42.555557,-13.888889,35.11111,-21.222221,61.333332,0.30616122,-1.9580852
PATH,181.0,186.0,9,0.11111111,0.0,2.9444454,2.7114286,2.0555553,1.6788442,48.814816,44.11111,60.444443,41.88889,-14.111111,34.88889,-20.777779,60.444443,0.30702683,-1.9685109
PATH,132.0,182.0,9,0.0,0.0,0.8888893,0.655462,2.1111114,1.7722135,43.51852,40.22222,52.555557,37.77778,-9.888889,27.11111,-17.222221,52.555557,0.2807636,-1.917349
PATH,133.0,181.0,9,0.0,0.0,2.3888893,2.1645303,4.777777,2.8648567,41.25926,37.77778,49.555557,36.444443,-10.444445,24.88889,-14.444445,49.555557,0.2656194,-1.9983681
PATH,227.0,195.0,9,0.11111111,0.0,2.5,2.2385526,3.5000007,2.8886762,47.74074,42.77778,58.555557,41.88889,-14.888889,32.444443,-17.555555,58.555557,0.28449497,-2.038956
PATH,142.0,183.0,9,0.11111111,0.0,1.0,0.8692275,1.5555553,1.4857352,43.185184,40.22222,52.0,37.333336,-8.888889,26.444445,-17.555555,52.0,0.28154,-1.8877307
PATH,167.0,190.0,9,0.0,0.0,3.055556,0.85418355,5.055556,2.784215,51.074074,44.88889,63.22222,45.11111,-18.555555,36.444443,-17.88889,63.22222,0.29895782,-2.1126902
PATH,23.0,172.0,9,0.0,0.0,1.333334,0.8944272,9.166667,5.8566217,42.333332,38.0,51.22222,37.77778,-13.0,26.666666,-13.666667,51.22222,0.26545405,-2.1265585
PATH,142.0,185.0,9,0.11111111,0.0,2.2777786,1.7690771,3.1111114,1.1674604,47.814816,43.88889,58.22222,41.333336,-11.777778,31.222221,-19.444445,58.22222,0.28914437,-1.937924
PATH,200.0,193.0,9,0.0,0.0,2.555556,2.0403337,4.6111107,3.5926886,41.185184,37.444443,50.0,36.11111,-11.222222,26.444445,-15.222222,50.0,0.27987626,-1.9958013
PATH,178.0,185.0,9,0.0,0.0,2.6111119,1.8063676,3.1111114,2.2771008,49.037037,44.0,60.666668,42.444443,-15.111111,34.88889,-19.777779,60.666668,0.30003616,-2.006186
PATH,233.0,197.0,9,0.0,0.11111111,3.8888874,2.78621,2.0,1.2649122,49.74074,44.333332,61.444443,43.444443,-16.222221,35.11111,-18.88889,61.444443,0.29465598,-2.0433986
PATH,169.0,186.0,9,0.0,0.22222222,2.333334,1.659987,5.5000005,2.5188184,49.444443,44.666668,61.11111,42.555557,-14.333333,35.0,-20.666666,61.11111,0.30344796,-1.974394
PATH,118.0,180.0,9,0.0,0.0,1.9444447,1.4819913,3.1111114,1.0886629,48.555557,44.11111,59.0,42.555557,-13.333333,31.333334,-18.0,59.0,0.27882218,-1.9960423
PATH,234.0,194.0,9,0.0,0.22222222,1.4444453,1.9512585,3.8333333,3.0894084,48.62963,43.0,60.333332,42.555557,-16.88889,35.11111,-18.222221,60.333332,0.29836866,-2.0718758
PATH,142.0,182.0,9,0.11111111,0.0,1.1111113,0.8344437,2.7777774,2.051197,43.62963,40.333336,52.88889,37.666668,-9.888889,27.777779,-17.88889,52.88889,0.28686288,-1.9049777
PATH,240.0,195.0,9,0.0,0.0,1.8888887,1.1674597,1.8333346,1.709451,48.851852,43.22222,60.666668,42.666668,-16.88889,35.444443,-18.555555,60.666668,0.3003628,-2.0630436
PATH,224.0,190.0,9,0.0,0.0,2.8888886,2.1361103,3.0000007,1.8499246,47.48148,42.444443,58.666668,41.333336,-15.111111,33.555557,-18.444445,58.666668,0.2956214,-2.025942
PATH,174.0,188.0,9,0.0,0.0,2.8888886,2.8803291,3.6111107,2.23524,50.407406,45.444443,62.0,43.77778,-14.888889,34.77778,-19.88889,62.0,0.29399088,-1.9950715
PATH,252.0,195.0,9,0.0,0.0,2.6111119,2.091428,3.722222,2.2052138,47.666668,42.444443,58.77778,41.77778,-15.666667,33.333332,-17.666666,58.77778,0.28878826,-2.0516715
PATH,149.0,185.0,9,0.0,0.0,1.5555553,1.0680546,3.0555553,1.9254627,49.333332,45.333332,59.555557,43.11111,-12.0,30.666666,-18.666666,59.555557,0.2758892,-1.9527698
PATH,118.0,182.0,9,0.11111111,0.0,1.777778,1.293861,2.500002,1.42595,45.0,41.666668,54.333332,39.0,-10.0,28.0,-18.0,54.333332,0.28187475,-1.9106771
PATH,170.0,189.0,9,0.0,0.0,2.277778,1.3235757,2.4444447,1.7847092,51.11111,45.77778,63.333332,44.22222,-16.0,36.666668,-20.666666,63.333332,0.30134642,-2.0089307
PATH,182.0,186.0,9,0.11111111,0.0,3.666666,2.0439608,1.7777767,1.2412661,48.444443,43.77778,59.88889,41.666668,-14.0,34.333332,-20.333334,59.88889,0.30452195,-1.9730555
PATH,10.0,172.0,9,0.0,0.0,4.277777,4.38896,6.6666656,7.360555,44.77778,40.333336,54.666668,39.333336,-13.333333,29.666666,-16.333334,54.666668,0.27804413,-2.0524528
PATH,229.0,195.0,9,0.0,0.0,4.166666,2.2779152,4.111111,2.2476342,47.703705,42.444443,58.88889,41.77778,-15.777778,33.555557,-17.777779,58.88889,0.29027814,-2.0527046
PATH,177.0,190.0,9,0.0,0.0,0.94444466,0.82775986,1.3888893,0.9525794,52.407406,47.333332,64.55556,45.333332,-15.222222,36.444443,-21.222221,64.55556,0.29773334,-1.9858987
PATH,240.0,192.0,9,0.0,0.0,2.3888881,0.6469305,4.3888893,2.3796992,45.962963,40.555557,58.11111,39.22222,-16.222221,36.444443,-20.222221,58.11111,0.32560807,-2.0165784
PATH,236.0,194.0,9,0.0,0.0,2.666666,1.9321826,2.4444435,1.7971164,50.11111,44.22222,62.444443,43.666668,-17.666666,37.0,-19.333334,62.444443,0.30066735,-2.0642767
PATH,117.0,181.0,9,0.11111111,0.0,1.8333334,1.2427571,3.0000007,2.054805,46.88889,43.0,56.88889,40.77778,-11.666667,30.0,-18.333334,56.88889,0.28328654,-1.9490879
PATH,186.0,188.0,9,0.0,0.0,1.8333321,1.2605107,1.9444433,1.2546208,49.962963,45.11111,61.444443,43.333332,-14.555555,34.444443,-19.88889,61.444443,0.29477406,-1.9934397
PATH,9.0,171.0,9,0.0,0.0,1.4999994,1.0055392,2.7777774,1.64204,45.925926,41.0,57.22222,39.555557,-14.777778,33.88889,-19.11111,57.22222,0.30794257,-2.0107226
PATH,190.0,188.0,9,0.0,0.0,2.0000007,1.5634717,2.2777774,1.7815938,49.703705,44.666668,61.77778,42.666668,-15.111111,36.22222,-21.11111,61.77778,0.30923617,-1.9845647
PATH,244.0,194.0,9,0.0,0.0,1.722222,1.14342,2.277778,2.03761,49.74074,44.444443,61.666668,43.11111,-15.888889,35.77778,-19.88889,61.666668,0.30085307,-2.0218375
PATH,205.0,194.0,9,0.0,0.0,1.6111107,1.2003093,5.388889,3.0435104,41.296295,37.11111,50.444443,36.333336,-12.555555,27.444445,-14.888889,50.444443,0.28055963,-2.0375679
PATH,88.0,180.0,9,0.0,0.0,1.4999994,0.93689823,3.833332,2.888675,50.407406,45.22222,62.333332,43.666668,-15.555555,35.77778,-20.222221,62.333332,0.3009182,-2.0087192
PATH,62.0,177.0,9,0.0,0.0,1.2777786,0.8798145,1.6666673,0.9428091,51.074074,46.333332,63.11111,43.77778,-14.222222,36.11111,-21.88889,63.11111,0.30621472,-1.9560046
PATH,2.0,171.0,9,0.0,0.0,1.9444447,1.2186809,3.6666667,3.1269426,45.77778,41.0,56.333332,40.0,-14.333333,31.666666,-17.333334,56.333332,0.28798285,-2.0329285
PATH,169.0,190.0,9,0.0,0.0,3.1111114,1.8094412,2.8888893,2.0940847,52.555557,46.88889,65.0,45.77778,-17.0,37.333332,-20.333334,65.0,0.2970586,-2.0348296
PATH,32.0,173.0,9,0.0,0.0,1.7222217,1.7815932,9.0,6.749488,43.592594,39.555557,52.88889,38.333336,-12.111111,27.88889,-15.777778,52.88889,0.26691392,-1.9988575
PATH,205.0,190.0,9,0.0,0.0,1.2777773,0.9981452,1.6111107,1.1238158,49.48148,44.77778,60.666668,43.0,-14.111111,33.555557,-19.444445,60.666668,0.29078844,-1.9875989
PATH,204.0,194.0,9,0.0,0.0,2.6111114,1.9254627,5.1111107,3.4167333,41.037037,37.0,49.77778,36.333336,-12.111111,26.222221,-14.111111,49.77778,0.27541482,-2.0452008
WINDOW,187.0,36.0,9,0.0,0.0,0.38888884,0.2509243,0.4999999,0.2788868,7.5185184,4.7777777,13.0,4.7777777,-8.222222,16.444445,-8.222222,13.0,0.6486569,-2.0972927
WINDOW,225.0,36.0,9,0.0,0.0,0.44444457,0.27216554,0.38888893,0.3277307,7.9259257,5.0,13.666667,5.111111,-8.777778,17.222221,-8.444445,13.666667,0.63492066,-2.1073034
WINDOW,222.0,145.0,9,0.0,0.0,0.0,0.0,0.0,0.0,0.0,0.0,0.0,0.0,0.0,0.0,0.0,0.0,0.0,0.0
WINDOW,242.0,148.0,9,0.0,0.0,0.0,0.0,0.0,0.0,0.0,0.0,0.0,0.0,0.0,0.0,0.0,0.0,0.0,0.0
WINDOW,125.0,149.0,9,0.0,0.0,0.0,0.0,0.0,0.0,0.0,0.0,0.0,0.0,0.0,0.0,0.0,0.0,0.0,0.0
WINDOW,200.0,31.0,9,0.0,0.0,2.111111,1.223232,5.055555,2.678447,11.259259,8.333334,16.555555,8.888889,-8.777778,15.888889,-7.111111,16.555555,0.5009438,-2.1719491
WINDOW,221.0,30.0,9,0.0,0.0,1.0555556,0.8541837,1.6666666,1.6329935,8.481482,6.111111,13.111111,6.2222223,-7.111111,13.888889,-6.7777777,13.111111,0.5185864,-2.05997
WINDOW,240.0,63.0,9,0.0,0.0,0.55555564,0.5443313,0.38888916,0.38968176,8.962963,6.3333335,14.0,6.5555553,-7.888889,15.111111,-7.2222223,14.0,0.54770046,-2.1218371
WINDOW,137.0,141.0,9,0.0,0.0,0.055555563,0.13608278,0.055555556,0.13608277,0.037037037,0.0,0.11111111,0.0,-0.11111111,0.22222222,-0.11111111,0.11111111,0.11111111,-2.0943952
WINDOW,189.0,68.0,9,0.0,0.0,1.1111113,0.58373,1.0555557,0.5340273,6.888889,5.6666665,10.333334,4.666667,-3.6666667,10.333333,-6.6666665,10.333334,0.534151,-1.780255
WINDOW,222.0,62.0,9,0.0,0.0,0.27777782,0.2509242,0.6666667,0.55777335,6.4074073,4.111111,11.444445,3.6666667,-6.888889,15.111111,-8.222222,11.444445,0.68080807,-2.0341523
WINDOW,128.0,144.0,9,0.0,0.0,0.0,0.0,0.0,0.0,0.0,0.0,0.0,0.0,0.0,0.0,0.0,0.0,0.0,0.0
WINDOW,186.0,90.0,9,0.0,0.0,4.444444,1.455513,0.6666667,0.4714045,10.037037,7.5555553,15.0,7.5555553,-7.4444447,14.888889,-7.4444447,15.0,0.5339284,-2.067026
WINDOW,184.0,145.0,9,0.0,0.0,0.72222227,0.6116159,0.22222222,0.2721655,0.5555556,0.33333334,1.2222222,0.11111111,-0.6666667,2.0,-1.3333334,1.2222222,0.5277778,-1.9209436
WINDOW,206.0,12.0,9,0.0,0.0,2.6111112,1.4819909,4.5,3.3582406,11.444445,8.444445,17.666668,8.222222,-9.0,18.666666,-9.666667,17.666668,0.5437747,-2.0644825
WINDOW,202.0,63.0,9,0.0,0.0,0.38888907,0.3277309,0.44444466,0.27216563,6.0740743,4.0,10.555555,3.6666667,-6.2222223,13.444445,-7.2222223,10.555555,0.65353537,-2.04457
WINDOW,196.0,95.0,9,0.0,0.0,1.722222,1.1238165,1.3333335,1.264911,7.6296296,6.7777777,10.777778,5.3333335,-2.5555556,9.444445,-6.888889,10.777778,0.51256585,-1.7492584
WINDOW,200.0,13.0,9,0.0,0.0,1.7777777,1.8579161,0.27777767,0.25092423,9.296296,6.111111,15.888889,5.888889,-9.555555,19.777779,-10.222222,15.888889,0.63273925,-2.0741334
WINDOW,223.0,150.0,9,0.0,0.0,0.0,0.0,0.0,0.0,0.0,0.0,0.0,0.0,0.0,0.0,0.0,0.0,0.0,0.0
WINDOW,201.0,34.0,9,0.0,0.0,4.277778,3.05808,0.44444466,0.4036869,13.740741,9.777778,20.88889,10.555555,-11.888889,21.444445,-9.555555,20.88889,0.5448579,-2.1628716
WINDOW,231.0,91.0,9,0.0,0.0,0.4999999,0.27888656,0.5555554,0.17213255,6.0,4.5555553,9.777778,3.6666667,-4.3333335,11.333333,-7.0,9.777778,0.62065095,-1.9349097
WINDOW,171.0,89.0,9,0.0,0.0,0.0,0.0,0.0,0.0,0.0,0.0,0.0,0.0,0.0,0.0,0.0,0.0,0.0,0.0
WINDOW,200.0,147.0,9,0.0,0.0,0.22222222,0.5443311,0.4444445,0.68853045,0.2962963,0.22222222,0.44444445,0.22222222,-0.22222222,0.44444445,-0.22222222,0.44444445,0.11111111,-2.0943952
WINDOW,174.0,152.0,9,0.0,0.0,0.0,0.0,0.0,0.0,0.0,0.0,0.0,0.0,0.0,0.0,0.0,0.0,0.0,0.0
WINDOW,208.0,34.0,9,0.0,0.0,1.7222224,1.7309811,0.4444445,0.50184834,14.444445,10.777778,21.0,11.555555,-11.0,19.666666,-8.666667,21.0,0.479958,-2.1623826
WINDOW,218.0,147.0,9,0.0,0.0,0.0,0.0,0.0,0.0,0.0,0.0,0.0,0.0,0.0,0.0,0.0,0.0,0.0,0.0
WINDOW,187.0,86.0,9,0.0,0.0,1.0555556,1.0628402,3.0555553,2.5422366,6.703704,4.666667,10.888889,4.5555553,-6.111111,12.555555,-6.4444447,10.888889,0.5942257,-2.0544748
WINDOW,253.0,150.0,9,0.0,0.0,0.0,0.0,0.0,0.0,0.0,0.0,0.0,0.0,0.0,0.0,0.0,0.0,0.0,0.0
WINDOW,170.0,143.0,9,0.0,0.0,0.0,0.0,0.0,0.0,0.0,0.0,0.0,0.0,0.0,0.0,0.0,0.0,0.0,0.0
WINDOW,156.0,154.0,9,0.0,0.0,0.2777778,0.3277307,0.77777773,0.544331,1.7407408,1.0,3.5555556,0.6666667,-2.2222223,5.4444447,-3.2222223,3.5555556,0.8388889,-1.9882019
WINDOW,177.0,33.0,9,0.0,0.0,1.6666666,1.577621,4.3333335,2.9739609,8.740741,6.4444447,13.111111,6.6666665,-6.888889,13.111111,-6.2222223,13.111111,0.547103,-2.0561194
WINDOW,249.0,58.0,9,0.0,0.0,1.3333334,0.9428091,0.27777767,0.3277306,8.851851,6.0,14.555555,6.0,-8.555555,17.11111,-8.555555,14.555555,0.6077675,-2.0853417
WINDOW,182.0,39.0,9,0.0,0.0,5.5000005,5.737789,0.611111,0.8798151,9.518518,7.3333335,14.333333,6.888889,-6.5555553,14.444445,-7.888889,14.333333,0.5760211,-2.0362277
WINDOW,155.0,40.0,9,0.0,0.0,1.888889,2.072751,0.05555554,0.13608274,1.2592592,1.2222222,1.5555556,1.0,-0.11111111,0.8888889,-0.7777778,1.5555556,0.11666667,-1.5707964
WINDOW,220.0,61.0,9,0.0,0.0,0.27777776,0.13608277,0.5555556,0.27216548,6.888889,4.5555553,12.0,4.111111,-7.0,15.333333,-8.333333,12.0,0.65589225,-2.039459
WINDOW,206.0,64.0,9,0.0,0.0,0.055555504,0.13608263,0.27777776,0.13608277,5.703704,3.6666667,10.333334,3.1111112,-6.111111,13.888889,-7.7777777,10.333334,0.6979798,-2.015428
WINDOW,160.0,95.0,9,0.0,0.0,3.2222223,3.544427,0.22222225,0.4036867,2.148148,2.1111112,2.5555556,1.7777778,-0.11111111,1.2222222,-1.1111112,2.5555556,0.10119048,-1.6289082
WINDOW,206.0,61.0,9,0.0,0.0,0.5555555,0.40368673,0.4999999,0.45946813,7.0740743,4.666667,12.222222,4.3333335,-7.2222223,15.444445,-8.222222,12.222222,0.64589113,-2.0487173
WINDOW,180.0,142.0,9,0.0,0.0,0.16666669,0.2788867,0.11111111,0.17213261,0.11111111,0.0,0.33333334,0.0,-0.33333334,0.6666667,-0.33333334,0.33333334,0.22222222,-2.0943952
WINDOW,158.0,154.0,9,0.0,0.0,0.9444444,1.0835471,0.2222222,0.40368667,0.6296296,0.44444445,1.2222222,0.22222222,-0.5555556,1.7777778,-1.2222222,1.2222222,0.2777778,-1.8611541
WINDOW,231.0,30.0,9,0.0,0.11111111,0.72222215,0.7123252,2.9999998,2.7968237,7.037037,4.7777777,11.666667,4.666667,-6.7777777,13.888889,-7.111111,11.666667,0.6137184,-2.047276
WINDOW,242.0,65.0,9,0.0,0.0,0.5555553,0.27216578,1.0,0.42163682,8.925926,6.111111,14.333333,6.3333335,-8.444445,16.222221,-7.7777777,14.333333,0.5834605,-2.1218784
WINDOW,161.0,89.0,9,0.0,0.0,4.6666665,5.1164227,0.16666682,0.27888685,3.1111112,2.8888888,3.7777777,2.6666667,-0.6666667,2.0,-1.3333334,3.7777777,0.0976431,-1.8904839
WINDOW,242.0,148.0,9,0.0,0.0,0.0,0.0,0.0,0.0,0.0,0.0,0.0,0.0,0.0,0.0,0.0,0.0,0.0,0.0
WINDOW,138.0,144.0,9,0.0,0.0,0.8888889,0.86066306,0.2777778,0.53402734,0.6666667,0.5555556,1.0,0.44444445,-0.33333334,1.0,-0.6666667,1.0,0.37037036,-1.9042695
WINDOW,226.0,90.0,9,0.0,0.0,0.77777773,0.62063277,0.38888884,0.2509243,7.185185,5.111111,12.111111,4.3333335,-6.2222223,14.777778,-8.555555,12.111111,0.6410182,-1.9895461
WINDOW,119.0,153.0,9,0.0,0.0,5.0555553,5.539421,0.055555504,0.13608263,3.3703704,3.0,3.8888888,3.2222223,-1.1111112,1.5555556,-0.44444445,3.8888888,0.08501683,-2.2217164
WINDOW,197.0,144.0,9,0.0,0.0,0.9444444,0.7123252,0.38888887,0.49065337,0.7037037,0.33333334,1.6666666,0.11111111,-1.1111112,2.8888888,-1.7777778,1.6666666,0.8611111,-1.9869384
WINDOW,130.0,145.0,9,0.0,0.0,0.0,0.0,0.0,0.0,0.0,0.0,0.0,0.0,0.0,0.0,0.0,0.0,0.0,0.0
WINDOW,187.0,89.0,9,0.0,0.0,3.0,1.6055458,1.111111,1.0680547,8.444445,6.3333335,13.0,6.0,-6.3333335,13.666667,-7.3333335,13.0,0.548545,-2.0438845
WINDOW,178.0,35.0,9,0.0,0.0,0.4444445,0.34426528,0.3888887,0.25092396,13.481482,10.333334,19.222221,10.888889,-9.444445,17.222221,-7.7777777,19.222221,0.4592879,-2.1533325
WINDOW,173.0,93.0,9,0.0,0.0,0.0,0.0,0.0,0.0,0.0,0.0,0.0,0.0,0.0,0.0,0.0,0.0,0.0,0.0
WINDOW,223.0,62.0,9,0.0,0.0,0.3333334,0.29814243,0.44444442,0.50184846,6.4444447,4.111111,11.444445,3.7777777,-7.0,15.0,-8.0,11.444445,0.6703704,-2.0487173
WINDOW,168.0,40.0,9,0.0,0.0,0.0,0.0,0.0,0.0,0.0,0.0,0.0,0.0,0.0,0.0,0.0,0.0,0.0,0.0
WINDOW,161.0,144.0,9,0.0,0.0,0.0,0.0,0.0,0.0,0.0,0.0,0.0,0.0,0.0,0.0,0.0,0.0,0.0,0.0
WINDOW,225.0,90.0,9,0.0,0.0,0.38888893,0.2509241,0.55555564,0.45542005,6.5925927,4.666667,11.222222,3.8888888,-5.7777777,13.888889,-8.111111,11.222222,0.65115255,-1.987466
WINDOW,189.0,141.0,9,0.0,0.0,0.0,0.0,0.0,0.0,0.0,0.0,0.0,0.0,0.0,0.0,0.0,0.0,0.0,0.0
WINDOW,134.0,148.0,9,0.0,0.0,0.11111113,0.17213261,0.055555556,0.13608277,0.037037037,0.0,0.11111111,0.0,-0.11111111,0.22222222,-0.11111111,0.11111111,0.11111111,-2.0943952
WINDOW,166.0,36.0,9,0.0,0.0,0.0,0.0,0.0,0.0,0.0,0.0,0.0,0.0,0.0,0.0,0.0,0.0,0.0,0.0
WINDOW,241.0,145.0,9,0.0,0.0,0.0,0.0,0.0,0.0,0.0,0.0,0.0,0.0,0.0,0.0,0.0,0.0,0.0,0.0
WINDOW,203.0,61.0,9,0.0,0.0,0.16666675,0.2788868,0.7222221,0.44305354,7.0,4.4444447,12.333333,4.2222223,-7.6666665,16.0,-8.333333,12.333333,0.66625965,-2.0682037
WINDOW,232.0,149.0,9,0.0,0.0,0.0,0.0,0.0,0.0,0.0,0.0,0.0,0.0,0.0,0.0,0.0,0.0,0.0,0.0
WINDOW,182.0,152.0,9,0.0,0.0,0.77777785,0.98130673,0.8333333,1.0903618,0.7777778,0.33333334,1.6666666,0.33333334,-1.3333334,2.6666667,-1.3333334,1.6666666,0.70555556,-2.0943952
WINDOW,216.0,151.0,9,0.0,0.0,0.16666667,0.2788867,0.11111113,0.17213261,0.11111111,0.0,0.33333334,0.0,-0.33333334,0.6666667,-0.33333334,0.33333334,0.22222222,-2.0943952
WINDOW,220.0,149.0,9,0.0,0.0,0.11111113,0.17213261,0.11111113,0.17213261,0.037037037,0.0,0.11111111,0.0,-0.11111111,0.22222222,-0.11111111,0.11111111,0.11111111,-2.0943952
WINDOW,163.0,152.0,9,0.0,0.0,0.0,0.0,0.0,0.0,0.0,0.0,0.0,0.0,0.0,0.0,0.0,0.0,0.0,0.0
WINDOW,131.0,144.0,9,0.0,0.0,0.0,0.0,0.0,0.0,0.0,0.0,0.0,0.0,0.0,0.0,0.0,0.0,0.0,0.0
WINDOW,180.0,141.0,9,0.0,0.0,0.055555563,0.13608278,0.055555556,0.13608277,0.037037037,0.0,0.11111111,0.0,-0.11111111,0.22222222,-0.11111111,0.11111111,0.11111111,-2.0943952
WINDOW,225.0,58.0,9,0.0,0.0,0.3333335,0.42163706,0.4444445,0.34426522,8.333333,5.5555553,14.111111,5.3333335,-8.333333,17.333334,-9.0,14.111111,0.62222224,-2.0685637
WINDOW,170.0,154.0,9,0.0,0.0,0.11111111,0.17213261,0.055555556,0.13608277,0.074074075,0.0,0.22222222,0.0,-0.22222222,0.44444445,-0.22222222,0.22222222,0.22222222,-2.0943952
WINDOW,238.0,61.0,9,0.0,0.0,0.66666657,0.4714045,0.7222221,0.49065334,8.777778,5.888889,14.333333,6.111111,-8.666667,16.666666,-8.0,14.333333,0.5888227,-2.1218371
WINDOW,189.0,62.0,9,0.0,0.0,0.38888893,0.2509241,0.44444442,0.3442651,7.6296296,5.0,13.111111,4.7777777,-7.888889,16.444445,-8.555555,13.111111,0.6359381,-2.0669532
WINDOW,242.0,57.0,9,0.0,0.11111111,2.444444,2.3538773,9.277778,2.7601657,15.37037,11.333333,20.88889,13.888889,-12.111111,16.555555,-4.4444447,20.88889,0.46630767,-2.3706133
WINDOW,226.0,144.0,9,0.0,0.0,0.0,0.0,0.0,0.0,0.0,0.0,0.0,0.0,0.0,0.0,0.0,0.0,0.0,0.0
WINDOW,199.0,144.0,9,0.0,0.0,0.33333334,0.5163977,0.33333334,0.36514834,0.44444445,0.11111111,1.1111112,0.11111111,-1.0,2.0,-1.0,1.1111112,0.7407407,-2.0943952
WINDOW,170.0,62.0,9,0.0,0.0,0.0,0.0,0.0,0.0,0.0,0.0,0.0,0.0,0.0,0.0,0.0,0.0,0.0,0.0
WINDOW,123.0,152.0,9,0.0,0.0,0.0,0.0,0.0,0.0,0.0,0.0,0.0,0.0,0.0,0.0,0.0,0.0,0.0,0.0
WINDOW,161.0,154.0,9,0.0,0.0,0.0,0.0,0.0,0.0,0.0,0.0,0.0,0.0,0.0,0.0,0.0,0.0,0.0,0.0
WINDOW,161.0,147.0,9,0.0,0.0,0.0,0.0,0.0,0.0,0.0,0.0,0.0,0.0,0.0,0.0,0.0,0.0,0.0,0.0
WINDOW,245.0,140.0,9,0.0,0.0,0.16666666,0.27888668,0.6111111,0.7428674,0.4074074,0.22222222,0.7777778,0.22222222,-0.5555556,1.1111112,-0.5555556,0.7777778,0.24074075,-2.0943952
WINDOW,218.0,64.0,9,0.0,0.0,1.5000004,1.1303884,1.8333334,1.9635572,8.0,6.111111,12.555555,5.3333335,-5.6666665,13.666667,-8.0,12.555555,0.5791423,-1.9652462
WINDOW,174.0,145.0,9,0.0,0.0,0.0,0.0,0.0,0.0,0.0,0.0,0.0,0.0,0.0,0.0,0.0,0.0,0.0,0.0
WINDOW,214.0,143.0,9,0.0,0.0,0.11111113,0.17213261,0.44444442,0.17213264,0.6666667,0.22222222,1.7777778,0.0,-1.3333334,3.3333333,-2.0,1.7777778,0.8888889,-1.9869384
WINDOW,186.0,12.0,9,0.0,0.0,0.44444433,0.27216548,2.3333333,1.9663839,6.259259,3.8888888,11.333333,3.5555556,-7.111111,15.222222,-8.111111,11.333333,0.6873016,-2.057978
WINDOW,188.0,88.0,9,0.0,0.0,0.6666667,0.4714045,0.33333325,0.29814243,7.3333335,5.111111,12.222222,4.666667,-6.6666665,14.666667,-8.0,12.222222,0.61790985,-2.0357685
WINDOW,183.0,91.0,9,0.0,0.0,2.666667,0.8944272,0.49999985,0.54772246,14.444445,11.0,21.0,11.333333,-10.333333,19.666666,-9.333333,21.0,0.47678283,-2.1284647
WINDOW,155.0,68.0,9,0.0,0.0,3.4444447,3.786917,0.16666667,0.27888665,2.2962964,2.1111112,2.8888888,1.8888888,-0.5555556,1.7777778,-1.2222222,2.8888888,0.11574074,-1.8611541
WINDOW,160.0,41.0,9,0.0,0.0,0.8333333,0.8096638,0.22222225,0.17213258,0.7037037,0.5555556,1.2222222,0.33333334,-0.44444445,1.5555556,-1.1111112,1.2222222,0.537037,-1.8451205
WINDOW,189.0,142.0,9,0.0,0.0,0.0,0.0,0.0,0.0,0.0,0.0,0.0,0.0,0.0,0.0,0.0,0.0,0.0,0.0
WINDOW,133.0,141.0,9,0.0,0.0,0.11111111,0.17213261,0.11111113,0.1721326,0.074074075,0.0,0.22222222,0.0,-0.22222222,0.44444445,-0.22222222,0.22222222,0.22222222,-2.0943952
WINDOW,173.0,152.0,9,0.0,0.0,0.0,0.0,0.0,0.0,0.0,0.0,0.0,0.0,0.0,0.0,0.0,0.0,0.0,0.0
WINDOW,189.0,144.0,9,0.0,0.0,0.0,0.0,0.0,0.0,0.0,0.0,0.0,0.0,0.0,0.0,0.0,0.0,0.0,0.0
WINDOW,198.0,148.0,9,0.11111111,0.0,1.6666666,0.84327394,1.111111,0.98130697,1.7777778,1.1111112,3.2222223,1.0,-2.0,4.3333335,-2.3333333,3.2222223,0.61296296,-2.0451503
WINDOW,236.0,38.0,9,0.11111111,0.0,1.3333334,1.4907119,2.9444447,2.2941144,14.444445,10.111111,22.0,11.222222,-13.0,22.666666,-9.666667,22.0,0.54723245,-2.1930976
WINDOW,173.0,67.0,9,0.0,0.0,1.1111112,1.2412658,0.22222225,0.34426522,0.7407407,0.7777778,1.1111112,0.33333334,0.11111111,1.1111112,-1.2222222,1.1111112,0.23148148,-1.5126845
WINDOW,210.0,153.0,9,0.0,0.0,0.0,0.0,0.0,0.0,0.0,0.0,0.0,0.0,0.0,0.0,0.0,0.0,0.0,0.0
CEMENT,49.0,42.0,9,0.0,0.0,2.6111107,0.92895794,1.333334,0.8944278,58.88889,50.666668,74.55556,51.444443,-24.666666,47.0,-22.333334,74.55556,0.3229307,-2.1257355
CEMENT,188.0,73.0,9,0.0,0.0,1.0555553,0.9289579,2.2777786,1.9935083,40.185184,35.666668,49.77778,35.11111,-13.555555,28.777779,-15.222222,49.77778,0.2970959,-2.0549638
CEMENT,139.0,95.0,9,0.0,0.0,3.6111107,2.524692,7.0555553,5.724864,46.851852,42.88889,56.333332,41.333336,-11.888889,28.444445,-16.555555,56.333332,0.2645714,-1.9708016
CEMENT,92.0,70.0,9,0.11111111,0.0,1.1111107,1.3608265,0.7777767,0.65546083,61.11111,53.444443,77.0,52.88889,-23.0,47.666668,-24.666666,77.0,0.31436473,-2.070832
CEMENT,169.0,117.0,9,0.0,0.0,1.222222,0.6206324,1.111111,1.2938602,31.25926,27.444445,39.0,27.333334,-11.444445,23.222221,-11.777778,39.0,0.30714995,-2.0889142
CEMENT,63.0,19.0,9,0.0,0.0,2.4444447,1.1863403,1.4444447,0.8861062,45.185184,38.0,58.77778,38.77778,-21.555555,40.77778,-19.222221,58.77778,0.35522667,-2.1336765
CEMENT,69.0,68.0,9,0.0,0.0,0.83333206,0.8628117,0.7777774,0.5837293,56.296295,49.22222,71.0,48.666668,-21.222221,44.11111,-22.88889,71.0,0.31602636,-2.0695407
CEMENT,151.0,89.0,9,0.0,0.0,8.388889,4.577317,0.72222203,0.38968238,31.703703,27.333334,41.0,26.777779,-13.111111,27.88889,-14.777778,41.0,0.35127252,-2.0465415
CEMENT,170.0,159.0,9,0.11111111,0.0,2.2777777,1.420746,1.611111,1.1816499,20.518518,20.333334,22.333334,18.88889,-0.5555556,5.4444447,-4.888889,22.333334,0.15127982,-1.5966792
CEMENT,180.0,116.0,9,0.0,0.0,2.9444456,1.611303,1.333333,0.81649673,33.185184,29.11111,41.666668,28.777779,-12.222222,25.444445,-13.222222,41.666668,0.30946052,-2.068113
CEMENT,58.0,109.0,9,0.0,0.0,1.1666666,0.6236098,1.0555553,0.49065349,41.814816,36.11111,53.666668,35.666668,-17.11111,35.555557,-18.444445,53.666668,0.3349617,-2.068644
CEMENT,191.0,101.0,9,0.0,0.0,1.111112,0.7793635,1.1111113,1.186342,45.037037,39.0,57.11111,39.0,-18.11111,36.22222,-18.11111,57.11111,0.32273299,-2.0943027
CEMENT,24.0,15.0,9,0.0,0.0,0.8333346,0.6912141,1.1111107,0.54432976,70.07407,61.0,87.44444,61.77778,-27.222221,52.11111,-24.88889,87.44444,0.30227023,-2.1249814
CEMENT,152.0,98.0,9,0.0,0.0,7.0000014,3.8873014,1.0555559,0.7722023,28.777779,24.88889,37.11111,24.333334,-11.666667,25.0,-13.333333,37.11111,0.34639803,-2.0429404
CEMENT,44.0,50.0,9,0.0,0.0,1.1666673,0.96032333,1.0555573,0.389682,65.111115,57.333332,80.333336,57.666668,-23.333334,45.666668,-22.333334,80.333336,0.29016516,-2.1077845
CEMENT,105.0,69.0,9,0.0,0.0,2.5000012,1.5311582,1.8333327,1.4719604,59.555557,53.444443,73.22222,52.0,-18.333334,41.0,-22.666666,73.22222,0.28965253,-2.0228615
CEMENT,27.0,57.0,9,0.11111111,0.0,0.7222226,0.32772803,0.7222226,0.3896791,70.37037,60.0,90.111115,61.0,-31.11111,59.22222,-28.11111,90.111115,0.33538663,-2.128801
CEMENT,52.0,33.0,9,0.0,0.0,13.888889,13.024195,0.277778,0.2509246,35.814816,31.333334,45.555557,30.555555,-13.444445,29.222221,-15.777778,45.555557,0.33727008,-2.0304284
CEMENT,45.0,67.0,9,0.0,0.0,0.6666673,0.2981413,1.055554,0.64692926,64.74074,57.11111,80.44444,56.666668,-22.88889,47.11111,-24.222221,80.44444,0.29814535,-2.0766623
CEMENT,72.0,32.0,9,0.11111111,0.11111111,3.9444447,2.7032225,2.277778,1.9710876,56.37037,48.555557,72.77778,47.77778,-23.444445,49.22222,-25.777779,72.77778,0.3444093,-2.060607
CEMENT,142.0,119.0,9,0.0,0.0,5.277778,0.85418415,1.0555553,0.6116157,45.62963,40.666668,56.0,40.22222,-14.888889,31.11111,-16.222221,56.0,0.2807703,-2.0640383
CEMENT,244.0,134.0,9,0.11111111,0.0,2.1111126,1.1287498,1.0000006,0.7302964,44.703705,37.11111,58.22222,38.77778,-22.777779,40.555557,-17.777779,58.22222,0.36128438,-2.1753492
CEMENT,118.0,111.0,9,0.0,0.0,1.2222227,1.0470412,0.55555534,0.27216536,62.25926,56.444443,75.333336,55.0,-17.444445,39.22222,-21.777779,75.333336,0.2692176,-2.014126
CEMENT,78.0,85.0,9,0.0,0.0,5.4999995,2.105549,6.4999995,4.5983086,48.88889,42.444443,61.555557,42.666668,-19.333334,38.0,-18.666666,61.555557,0.31522787,-2.0973632
CEMENT,2.0,95.0,9,0.11111111,0.0,2.0555565,1.3402592,0.88889056,0.91084033,55.62963,47.444443,71.66667,47.77778,-24.555555,48.11111,-23.555555,71.66667,0.3377558,-2.1078582
CEMENT,114.0,145.0,9,0.11111111,0.0,2.166666,1.3123348,0.99999934,0.6992059,61.11111,52.444443,76.77778,54.11111,-26.0,47.0,-21.0,76.77778,0.31713998,-2.1661513
CEMENT,141.0,17.0,9,0.11111111,0.22222222,3.7222226,4.4493027,5.0,2.319004,44.592594,40.333336,54.0,39.444443,-12.777778,28.222221,-15.444445,54.0,0.26818594,-2.030048
CEMENT,22.0,125.0,9,0.0,0.0,2.277778,1.8063672,2.4444447,1.3443986,58.22222,50.22222,73.77778,50.666668,-24.0,46.666668,-22.666666,73.77778,0.32390848,-2.1127234
CEMENT,229.0,102.0,9,0.0,0.0,0.88888866,0.7200823,7.944444,5.425934,42.77778,37.0,54.444443,36.88889,-17.333334,35.0,-17.666666,54.444443,0.31827116,-2.0885792
CEMENT,230.0,117.0,9,0.0,0.0,3.2777786,0.92895794,1.4444433,0.86066324,39.037037,33.555557,49.77778,33.77778,-16.444445,32.22222,-15.777778,49.77778,0.33502588,-2.1062348
CEMENT,80.0,77.0,9,0.0,0.0,1.388888,1.0628399,0.6666667,0.5577739,59.11111,51.11111,74.0,52.22222,-24.0,44.666668,-20.666666,74.0,0.31068987,-2.1430485
CEMENT,248.0,103.0,9,0.0,0.0,0.9444434,0.57413447,1.1111113,0.9349196,35.62963,30.777779,45.22222,30.88889,-14.555555,28.777779,-14.222222,45.22222,0.32391465,-2.1026068
CEMENT,228.0,22.0,9,0.0,0.0,1.1111107,0.8606628,1.3888887,0.9756292,49.666668,42.77778,62.88889,43.333332,-20.666666,39.666668,-19.0,62.88889,0.3194739,-2.123537
CEMENT,228.0,42.0,9,0.11111111,0.0,2.055556,1.5551584,4.333334,2.2310944,44.555557,39.555557,54.11111,40.0,-15.0,28.666666,-13.666667,54.11111,0.27157217,-2.120131
CEMENT,109.0,111.0,9,0.0,0.0,1.4444447,1.0886633,1.5000006,1.471961,57.77778,51.333332,71.66667,50.333332,-19.333334,41.666668,-22.333334,71.66667,0.29889232,-2.045165
CEMENT,19.0,62.0,9,0.0,0.0,11.222222,0.8860996,0.6666667,0.36514628,62.814816,53.77778,80.0,54.666668,-27.11111,51.555557,-24.444445,80.0,0.32936445,-2.1262069
CEMENT,78.0,128.0,9,0.0,0.0,1.1666673,0.88819444,1.388888,1.1238163,49.925926,42.666668,64.22222,42.88889,-21.777779,42.88889,-21.11111,64.22222,0.34023675,-2.1024415
CEMENT,170.0,121.0,9,0.0,0.0,2.166667,1.8348485,2.7222223,1.9254632,32.37037,28.666666,40.555557,27.88889,-11.111111,24.555555,-13.444445,40.555557,0.3134271,-2.0242684
CEMENT,58.0,48.0,9,0.0,0.0,2.277778,0.250925,0.27777734,0.25092447,40.851852,35.444447,52.444443,34.666668,-16.222221,34.77778,-18.555555,52.444443,0.33911672,-2.0487316
CEMENT,179.0,133.0,9,0.0,0.0,2.3888886,2.3796985,0.8888893,0.7503084,36.77778,32.0,46.333332,32.0,-14.333333,28.666666,-14.333333,46.333332,0.3133975,-2.091572
CEMENT,103.0,65.0,9,0.0,0.0,1.277778,1.0835457,1.2222214,0.91083974,60.148148,53.77778,73.888885,52.77778,-19.11111,41.22222,-22.11111,73.888885,0.2870454,-2.0419006
CEMENT,114.0,129.0,9,0.11111111,0.0,2.055556,1.1434174,0.77777606,0.88610685,62.407406,54.22222,78.0,55.0,-24.555555,46.77778,-22.222221,78.0,0.30597952,-2.1269891
CEMENT,11.0,62.0,9,0.0,0.0,0.88889056,0.5018489,0.72222394,0.3896814,66.77778,57.444443,84.66667,58.22222,-28.0,53.666668,-25.666666,84.66667,0.3227603,-2.124459
CEMENT,41.0,101.0,9,0.0,0.0,1.7222214,0.9289575,2.0555542,1.5551577,64.37037,56.88889,79.44444,56.77778,-22.444445,45.22222,-22.777779,79.44444,0.28936154,-2.0895698
CEMENT,121.0,102.0,9,0.11111111,0.0,2.9444435,1.8549231,1.222222,0.86066246,51.666668,47.11111,62.333332,45.555557,-13.666667,32.0,-18.333334,62.333332,0.2694,-1.9948803
CEMENT,220.0,111.0,9,0.0,0.0,2.555555,1.6555178,2.2777774,1.5974522,29.592592,25.444445,38.22222,25.11111,-12.444445,25.88889,-13.444445,38.22222,0.34932512,-2.064723
CEMENT,219.0,132.0,9,0.0,0.0,1.4444447,0.65546167,1.1111107,0.7503098,35.22222,29.555555,45.666668,30.444445,-17.0,31.333334,-14.333333,45.666668,0.35474625,-2.1469688
CEMENT,241.0,70.0,9,0.0,0.0,1.0555559,0.71232605,4.1111107,2.7541208,39.962963,36.444443,48.333332,35.11111,-10.555555,25.11111,-14.555555,48.333332,0.27405116,-1.9904121
CEMENT,186.0,98.0,9,0.0,0.0,1.2777783,1.1816506,5.944444,3.0798028,33.962963,31.0,41.0,29.88889,-8.888889,21.11111,-12.222222,41.0,0.2656978,-1.9603096
CEMENT,209.0,70.0,9,0.0,0.11111111,2.222223,1.8216797,8.777778,3.4619644,36.74074,33.666668,44.444443,32.11111,-9.222222,23.11111,-13.888889,44.444443,0.27335805,-1.9605819
CEMENT,54.0,133.0,9,0.0,0.0,4.3888893,1.705111,1.2777773,1.2186816,21.444445,19.88889,25.777779,18.666668,-4.6666665,13.0,-8.333333,25.777779,0.27027062,-1.9038104
CEMENT,91.0,64.0,9,0.0,0.0,0.94444466,0.71232474,1.0555559,1.0201671,62.0,53.666668,78.111115,54.22222,-25.0,48.333332,-23.333334,78.111115,0.31425992,-2.1180868
CEMENT,22.0,87.0,9,0.0,0.0,1.8888899,1.2590423,1.1666666,0.62361073,64.03704,55.77778,80.333336,56.0,-24.777779,48.88889,-24.11111,80.333336,0.30969977,-2.105073
CEMENT,87.0,146.0,9,0.0,0.0,0.944444,0.6116159,5.111111,4.712474,43.148148,36.88889,55.88889,36.666668,-18.777779,38.22222,-19.444445,55.88889,0.34745374,-2.0818424
CEMENT,54.0,126.0,9,0.11111111,0.0,2.7777774,2.6970487,3.3888886,2.2746582,23.296297,21.0,28.88889,20.0,-6.888889,16.777779,-9.888889,28.88889,0.3057855,-1.9687403
CEMENT,38.0,94.0,9,0.11111111,0.0,1.3888906,1.0417213,0.88888806,0.7793629,68.111115,61.11111,82.66667,60.555557,-21.0,43.666668,-22.666666,82.66667,0.26725835,-2.0685365
CEMENT,147.0,34.0,9,0.0,0.0,4.611111,4.154872,0.7777786,0.7793621,47.592594,41.11111,60.0,41.666668,-19.444445,37.22222,-17.777779,60.0,0.3175422,-2.1228747
CEMENT,112.0,38.0,9,0.0,0.0,11.055554,11.074329,1.111112,1.0680542,64.62963,58.22222,78.44444,57.22222,-19.222221,41.444443,-22.222221,78.44444,0.27165923,-2.0388238
CEMENT,151.0,101.0,9,0.0,0.0,9.611111,6.5367904,0.5,0.34960347,31.185184,27.222221,39.444443,26.88889,-11.888889,24.777779,-12.888889,39.444443,0.32728764,-2.05839
CEMENT,169.0,131.0,9,0.0,0.0,2.3888886,1.8668654,9.222222,2.1152062,35.703705,30.666666,45.77778,30.666666,-15.111111,30.222221,-15.111111,45.77778,0.33861881,-2.0891855
CEMENT,70.0,38.0,9,0.0,0.0,1.2222227,0.2721662,1.0000006,0.76011634,58.0,50.0,74.333336,49.666668,-24.0,49.0,-25.0,74.333336,0.33601543,-2.0785036
CEMENT,47.0,96.0,9,0.0,0.0,0.94444466,0.5741338,0.8333333,0.75277233,61.925926,54.444443,77.0,54.333332,-22.444445,45.22222,-22.777779,77.0,0.29722086,-2.0891051
CEMENT,109.0,100.0,9,0.0,0.0,0.944444,0.49065506,0.44444466,0.40368706,57.148148,51.555557,69.66667,50.22222,-16.777779,37.555557,-20.777779,69.66667,0.27896288,-2.024061
CEMENT,136.0,45.0,9,0.0,0.0,1.222222,1.5444059,2.0555553,1.5263131,53.074074,48.11111,63.77778,47.333332,-14.888889,32.11111,-17.222221,63.77778,0.25936732,-2.0459049
CEMENT,93.0,67.0,9,0.0,0.0,1.7222208,1.3891102,1.4999994,1.1879022,60.74074,53.0,75.888885,53.333332,-23.222221,45.444443,-22.222221,75.888885,0.303044,-2.109804
CEMENT,53.0,42.0,9,0.0,0.0,3.2777774,0.71232545,0.611111,0.534027,28.25926,24.444445,36.22222,24.11111,-11.444445,23.88889,-12.444445,36.22222,0.33789337,-2.0610058
CEMENT,191.0,107.0,9,0.0,0.0,2.0555553,1.5263124,10.333333,3.0110908,29.222221,26.88889,35.88889,24.88889,-7.0,20.0,-13.0,35.88889,0.31155226,-1.8771589
CEMENT,39.0,17.0,9,0.0,0.0,1.1111107,1.0886621,0.88889056,0.8073737,71.18519,63.333332,87.333336,62.88889,-23.555555,48.444443,-24.88889,87.333336,0.2848739,-2.0751612
CEMENT,19.0,102.0,9,0.0,0.0,3.88889,1.5006163,1.1666666,0.62360954,58.37037,50.666668,73.44444,51.0,-23.11111,45.22222,-22.11111,73.44444,0.317014,-2.1020474
CEMENT,92.0,89.0,9,0.0,0.0,1.9999994,1.2649107,1.2222214,0.95839226,58.925926,51.0,74.44444,51.333332,-23.777779,46.555557,-22.777779,74.44444,0.31787068,-2.1087568
CEMENT,79.0,28.0,9,0.0,0.0,4.277777,3.7618961,0.8333333,0.6582806,62.407406,53.444443,79.111115,54.666668,-26.88889,50.11111,-23.222221,79.111115,0.32455578,-2.1445074
CEMENT,116.0,125.0,9,0.0,0.0,2.8333333,0.7226492,2.0555546,0.5741333,60.925926,52.555557,76.44444,53.77778,-25.11111,46.555557,-21.444445,76.44444,0.3172057,-2.1450453
CEMENT,109.0,76.0,9,0.0,0.0,1.5000006,0.69121444,0.3888887,0.32773072,51.77778,47.666668,61.555557,46.11111,-12.333333,29.333334,-17.0,61.555557,0.25070548,-1.9899223
CEMENT,32.0,88.0,9,0.0,0.0,0.83333206,0.34960276,1.111112,0.72008145,67.25926,57.88889,85.0,58.88889,-28.11111,53.22222,-25.11111,85.0,0.32012162,-2.1320271
CEMENT,113.0,123.0,9,0.11111111,0.0,1.4444441,0.6206331,1.9444441,1.7180963,59.333332,51.88889,73.77778,52.333332,-22.333334,43.333332,-21.0,73.77778,0.29916364,-2.1119413
CEMENT,118.0,21.0,9,0.0,0.0,4.8333344,4.5740814,1.277778,1.0628413,65.888885,59.333332,79.22222,59.11111,-19.666666,40.0,-20.333334,79.22222,0.2570597,-2.072158
CEMENT,238.0,73.0,9,0.0,0.0,2.277776,1.4050171,1.5,0.7817362,43.51852,38.77778,53.0,38.77778,-14.222222,28.444445,-14.222222,53.0,0.27433428,-2.0964146
CEMENT,178.0,25.0,9,0.0,0.0,0.7222214,0.32773143,1.5555559,1.2412641,44.814816,39.555557,55.0,39.88889,-15.777778,30.555555,-14.777778,55.0,0.2845817,-2.1188104
CEMENT,227.0,44.0,9,0.11111111,0.0,0.55555534,0.403687,1.6111094,0.99814636,47.814816,42.88889,58.0,42.555557,-14.777778,30.555555,-15.777778,58.0,0.27198678,-2.0704656
CEMENT,24.0,93.0,9,0.0,0.0,1.6111094,0.7722033,2.0555553,1.7309806,62.851852,54.77778,79.22222,54.555557,-24.222221,49.11111,-24.88889,79.22222,0.3155379,-2.0837152
CEMENT,193.0,125.0,9,0.0,0.0,5.055556,2.550962,1.9444447,1.8787314,37.444443,32.333336,47.555557,32.444447,-15.333333,30.333334,-15.0,47.555557,0.3218254,-2.1006875
CEMENT,224.0,124.0,9,0.0,0.0,1.5555559,1.2938598,1.8888887,1.186342,43.51852,36.77778,56.333332,37.444443,-20.222221,38.444443,-18.222221,56.333332,0.3480217,-2.1278005
CEMENT,120.0,108.0,9,0.0,0.0,4.611111,3.498677,1.666666,1.5634735,58.074074,52.666668,69.55556,52.0,-16.222221,34.444443,-18.222221,69.55556,0.25245842,-2.0538688
CEMENT,158.0,76.0,9,0.0,0.0,0.833333,0.65828085,3.277778,3.065339,34.851852,31.88889,42.0,30.666666,-8.888889,21.444445,-12.555555,42.0,0.2703099,-1.9814991
CEMENT,55.0,145.0,9,0.0,0.0,5.0555553,2.9770727,1.0,0.4216377,26.777779,24.222221,33.333336,22.777779,-7.6666665,19.666666,-12.0,33.333336,0.31533822,-1.934686
CEMENT,75.0,90.0,9,0.11111111,0.0,4.1666675,3.0018506,2.8333333,2.7708795,48.22222,41.22222,61.444443,42.0,-21.0,39.666668,-18.666666,61.444443,0.32763156,-2.1318614
CEMENT,104.0,112.0,9,0.0,0.0,0.6111107,0.25092375,1.0555559,0.71232516,59.148148,52.22222,73.333336,51.88889,-20.777779,42.555557,-21.777779,73.333336,0.29368052,-2.0784628
CEMENT,144.0,35.0,9,0.0,0.0,2.3333328,2.0330596,2.055556,1.7309813,37.592594,32.333336,47.444443,33.0,-15.777778,29.555555,-13.777778,47.444443,0.3197136,-2.138762
CEMENT,94.0,104.0,9,0.0,0.0,6.6111107,1.420747,1.0000013,0.5163988,55.74074,48.88889,69.55556,48.77778,-20.555555,41.444443,-20.88889,69.55556,0.30307138,-2.0854902
CEMENT,40.0,17.0,9,0.0,0.0,1.2777761,0.95258045,1.4444453,1.1088861,70.51852,62.444443,86.55556,62.555557,-24.222221,48.11111,-23.88889,86.55556,0.28623843,-2.098521
CEMENT,105.0,111.0,9,0.0,0.0,0.3888887,0.38968194,1.0555559,0.44305268,60.185184,53.22222,74.888885,52.444443,-20.88889,44.11111,-23.222221,74.888885,0.29966387,-2.0580003
CEMENT,140.0,116.0,9,0.11111111,0.0,1.777778,1.2232317,0.55555534,0.501848,46.814816,42.333336,56.555557,41.555557,-13.444445,29.222221,-15.777778,56.555557,0.26456326,-2.0386236
CEMENT,130.0,32.0,9,0.0,0.0,1.1111113,1.047041,0.83333397,0.83665866,59.48148,54.22222,70.88889,53.333332,-15.777778,34.22222,-18.444445,70.88889,0.24900064,-2.042422
CEMENT,102.0,158.0,9,0.22222222,0.0,2.2777774,2.1230664,1.8333334,1.0488074,39.333332,35.555557,47.444443,35.0,-11.333333,24.333334,-13.0,47.444443,0.26415184,-2.049172
CEMENT,236.0,117.0,9,0.0,0.0,0.7777786,0.40368706,1.277778,0.74286777,45.88889,39.555557,58.444443,39.666668,-19.0,37.666668,-18.666666,58.444443,0.33047688,-2.0994802
CEMENT,23.0,25.0,9,0.0,0.0,1.1111094,0.7503052,0.6111107,0.64692986,70.44444,60.666668,89.0,61.666668,-29.333334,55.666668,-26.333334,89.0,0.3181906,-2.1304197
CEMENT,83.0,143.0,9,0.0,0.0,1.2777767,1.1038657,1.2222214,0.54433095,50.37037,43.0,64.77778,43.333332,-22.11111,43.22222,-21.11111,64.77778,0.3412286,-2.1089952
CEMENT,74.0,64.0,9,0.0,0.0,1.8333327,1.2064646,2.0,1.1155467,56.592594,49.666668,71.0,49.11111,-20.777779,43.22222,-22.444445,71.0,0.3130033,-2.0671675
CEMENT,48.0,139.0,9,0.0,0.0,2.4444447,1.6821502,1.833334,1.048809,48.22222,42.555557,60.444443,41.666668,-17.0,36.666668,-19.666666,60.444443,0.3108182,-2.0442379
CEMENT,153.0,116.0,9,0.0,0.0,3.2777777,2.4713163,1.1111107,0.8344438,29.444445,25.0,38.333336,25.0,-13.333333,26.666666,-13.333333,38.333336,0.35575584,-2.0907812
CEMENT,67.0,34.0,9,0.0,0.0,1.1111113,1.2232314,0.555556,0.5837306,54.25926,46.22222,70.333336,46.22222,-24.11111,48.22222,-24.11111,70.333336,0.34747013,-2.0945199
CEMENT,51.0,64.0,9,0.0,0.0,17.5,1.206455,0.6666673,0.6992055,40.0,35.22222,50.11111,34.666668,-14.333333,30.333334,-16.0,50.11111,0.31010145,-2.030269
CEMENT,97.0,46.0,9,0.0,0.0,1.6666673,1.6193271,2.2222207,1.4089662,62.333332,53.22222,79.111115,54.666668,-27.333334,50.333332,-23.0,79.111115,0.32671866,-2.1523037
CEMENT,76.0,134.0,9,0.11111111,0.0,2.5555546,1.4401643,1.4444441,0.54433167,48.925926,41.88889,63.11111,41.77778,-21.11111,42.555557,-21.444445,63.11111,0.3411113,-2.0869143
CEMENT,34.0,116.0,9,0.0,0.0,5.777778,4.405383,0.49999872,0.27888796,61.0,52.444443,76.44444,54.11111,-25.666666,46.333332,-20.666666,76.44444,0.31323463,-2.1617932
CEMENT,20.0,122.0,9,0.0,0.0,1.5555547,1.1863433,1.7777773,1.4857366,60.74074,51.555557,78.22222,52.444443,-27.555555,52.444443,-24.88889,78.22222,0.34236288,-2.1284232
CEMENT,94.0,80.0,9,0.0,0.0,2.1666653,1.1879028,0.83333397,0.50552523,58.333332,51.22222,72.111115,51.666668,-21.333334,41.333332,-20.0,72.111115,0.2908336,-2.1163511
CEMENT,229.0,24.0,9,0.0,0.0,1.777778,1.1088876,1.2222233,1.0470423,49.185184,42.333336,61.22222,44.0,-20.555555,36.11111,-15.555555,61.22222,0.3086199,-2.1867971
CEMENT,84.0,62.0,9,0.0,0.0,0.72222203,0.49065322,0.9444434,0.77220213,61.037037,53.444443,76.22222,53.444443,-22.777779,45.555557,-22.777779,76.22222,0.3031787,-2.0937438
CEMENT,52.0,89.0,9,0.0,0.0,5.2222223,2.721655,0.7222226,0.49065316,28.925926,25.222221,36.88889,24.666666,-11.111111,23.88889,-12.777778,36.88889,0.33112764,-2.0484614
CEMENT,112.0,90.0,9,0.0,0.0,7.38889,6.9455557,1.2777773,0.87981415,65.18519,57.666668,79.77778,58.11111,-22.555555,43.77778,-21.222221,79.77778,0.27834544,-2.108813
CEMENT,139.0,115.0,9,0.11111111,0.0,2.1111107,0.95839214,0.7222214,0.6469293,46.74074,42.444443,56.333332,41.444443,-12.888889,28.777779,-15.888889,56.333332,0.2641149,-2.0211253
CEMENT,247.0,115.0,9,0.0,0.0,3.555556,1.8094409,1.3888897,1.3066785,28.851852,24.88889,36.77778,24.88889,-11.888889,23.777779,-11.888889,36.77778,0.33166277,-2.094392
CEMENT,113.0,34.0,9,0.0,0.0,1.9999987,1.1352938,0.8333308,0.83665943,72.888885,65.0,89.111115,64.55556,-23.666666,48.666668,-25.0,89.111115,0.27917594,-2.0781536
CEMENT,233.0,124.0,9,0.11111111,0.0,2.1111114,1.5006171,2.0555553,0.49065465,40.925926,35.77778,51.444443,35.555557,-15.444445,31.555555,-16.11111,51.444443,0.31709695,-2.0769668
CEMENT,80.0,72.0,9,0.0,0.0,1.2222227,1.0036967,1.4444441,1.1674612,59.0,51.333332,74.44444,51.22222,-23.0,46.333332,-23.333334,74.44444,0.31460637,-2.0902212
CEMENT,29.0,78.0,9,0.0,0.0,0.6666654,0.6992061,2.6111107,2.322991,69.74074,59.666668,88.44444,61.11111,-30.222221,56.11111,-25.88889,88.44444,0.32548746,-2.145541
CEMENT,151.0,129.0,9,0.0,0.0,8.055556,8.141569,0.72222203,0.8277585,32.037037,27.555555,41.11111,27.444445,-13.444445,27.222221,-13.777778,41.11111,0.3384073,-2.0787966
CEMENT,147.0,87.0,9,0.0,0.0,6.8333335,6.6189947,1.5555567,1.6953089,43.333332,37.88889,54.88889,37.22222,-16.333334,34.666668,-18.333334,54.88889,0.319706,-2.050388
CEMENT,153.0,78.0,9,0.0,0.0,9.388889,5.6702604,2.9444444,3.517681,30.296297,27.11111,37.444443,26.333334,-9.555555,21.444445,-11.888889,37.444443,0.30020806,-2.0177794
CEMENT,86.0,20.0,9,0.0,0.0,0.94444656,1.0201677,1.9444441,1.0628412,65.18519,56.444443,81.66667,57.444443,-26.222221,49.444443,-23.222221,81.66667,0.30955637,-2.1330314
CEMENT,83.0,81.0,9,0.0,0.0,0.44444337,0.34426504,0.7222214,0.38968188,59.444443,51.88889,74.44444,52.0,-22.666666,45.0,-22.333334,74.44444,0.30741948,-2.0988503
CEMENT,167.0,53.0,9,0.0,0.0,1.2777773,0.4906541,0.9444434,0.389682,40.444443,36.88889,48.666668,35.77778,-10.666667,24.666666,-14.0,48.666668,0.2645635,-2.0045598
CEMENT,104.0,103.0,9,0.11111111,0.0,0.94444466,0.5340273,0.6666673,0.59628505,58.88889,52.22222,72.66667,51.77778,-20.0,41.333332,-21.333334,72.66667,0.28739437,-2.0711336
CEMENT,58.0,122.0,9,0.0,0.0,2.0555556,2.2152667,6.1111107,3.0160062,34.185184,29.222221,44.333332,29.0,-14.888889,30.444445,-15.555555,44.333332,0.3496519,-2.0748382
CEMENT,102.0,50.0,9,0.0,0.0,1.611112,1.0628405,1.333334,0.8692274,60.851852,53.0,75.77778,53.77778,-23.555555,44.77778,-21.222221,75.77778,0.30477422,-2.1294794
CEMENT,29.0,18.0,9,0.22222222,0.0,0.7777774,0.8073724,1.7222227,1.2895608,68.296295,59.0,86.111115,59.77778,-27.88889,53.444443,-25.555555,86.111115,0.31715608,-2.123641
CEMENT,39.0,138.0,9,0.0,0.0,1.1111107,0.50184846,2.3888893,1.638653,54.62963,49.11111,66.77778,48.0,-16.555555,36.444443,-19.88889,66.77778,0.28091076,-2.0296564
CEMENT,79.0,44.0,9,0.0,0.0,4.8888893,3.2018518,2.1111126,1.1287482,58.666668,50.11111,75.55556,50.333332,-25.666666,50.666668,-25.0,75.55556,0.33991683,-2.1026516
CEMENT,45.0,121.0,9,0.0,0.0,2.0555573,1.2546208,6.6111107,2.678445,54.962963,47.77778,68.66667,48.444443,-21.555555,41.11111,-19.555555,68.66667,0.3071933,-2.1269433
CEMENT,108.0,128.0,9,0.0,0.0,7.0555553,4.3686585,1.666666,1.0540924,53.25926,46.333332,67.111115,46.333332,-20.777779,41.555557,-20.777779,67.111115,0.31292745,-2.0919266
CEMENT,83.0,133.0,9,0.11111111,0.0,2.3333347,2.1395726,1.166666,1.0697864,48.666668,41.555557,62.555557,41.88889,-21.333334,41.666668,-20.333334,62.555557,0.33914515,-2.1117887
CEMENT,34.0,13.0,9,0.0,0.0,0.22222011,0.17213097,1.5555534,0.54433,70.37037,60.666668,88.111115,62.333332,-29.11111,53.22222,-24.11111,88.111115,0.3114367,-2.1549888
CEMENT,148.0,109.0,9,0.0,0.0,0.99999934,1.2110597,1.222222,0.6554618,49.407406,42.555557,62.88889,42.77778,-20.555555,40.444443,-19.88889,62.88889,0.32513812,-2.105478
CEMENT,40.0,35.0,9,0.0,0.0,0.7222226,0.25092337,1.0555547,0.6469281,69.44444,61.77778,85.333336,61.22222,-23.0,47.666668,-24.666666,85.333336,0.2874884,-2.0742002
CEMENT,202.0,21.0,9,0.0,0.0,0.33333334,0.36514834,5.222221,2.613357,40.74074,37.11111,49.333332,35.77778,-10.888889,25.777779,-14.888889,49.333332,0.2745188,-1.9908056
CEMENT,13.0,15.0,9,0.11111111,0.0,1.2222227,0.8861077,1.2222227,1.0256,68.96296,59.333332,86.888885,60.666668,-28.88889,53.77778,-24.88889,86.888885,0.3169049,-2.145323
CEMENT,57.0,42.0,9,0.0,0.0,2.333334,0.8692256,0.99999875,0.69920623,37.444443,32.77778,47.77778,31.777779,-14.0,31.0,-17.0,47.77778,0.3346618,-2.029552
CEMENT,156.0,49.0,9,0.0,0.0,1.0555547,0.57413435,1.2222208,0.54433155,38.037037,35.666668,44.11111,34.333336,-7.111111,18.222221,-11.111111,44.11111,0.22118697,-1.949745
CEMENT,42.0,57.0,9,0.0,0.0,1.3888906,0.97562754,0.99999875,0.36514837,65.703705,59.444443,79.44444,58.22222,-18.777779,41.22222,-22.444445,79.44444,0.26677614,-2.0307028
CEMENT,227.0,132.0,9,0.0,0.0,6.666668,1.3824298,1.3333334,1.0110494,38.77778,33.22222,49.22222,33.88889,-16.666666,31.333334,-14.666667,49.22222,0.32576838,-2.1295228
CEMENT,74.0,127.0,9,0.0,0.0,4.8333335,3.6499624,1.6666666,1.2472203,45.25926,39.444443,57.333332,39.0,-17.444445,36.22222,-18.777779,57.333332,0.31732458,-2.061036
CEMENT,77.0,135.0,9,0.0,0.0,2.944444,1.9710863,1.7777767,0.9583936,47.37037,41.0,60.666668,40.444443,-19.11111,39.88889,-20.777779,60.666668,0.3346597,-2.0634599
CEMENT,106.0,65.0,9,0.22222222,0.0,2.222222,1.655519,2.2777786,0.82775915,60.62963,53.666668,74.55556,53.666668,-20.88889,41.77778,-20.88889,74.55556,0.28732476,-2.0910368
CEMENT,191.0,119.0,9,0.0,0.0,1.1111107,1.2938615,0.9444459,0.772202,39.851852,36.22222,48.22222,35.11111,-10.888889,25.11111,-14.222222,48.22222,0.27171725,-2.0059998
CEMENT,51.0,111.0,9,0.0,0.0,16.222223,16.443394,0.44444498,0.34426522,34.11111,30.333334,42.22222,29.777779,-11.333333,24.333334,-13.0,42.22222,0.29035455,-2.0057423
CEMENT,182.0,135.0,9,0.0,0.0,4.222222,1.1287482,1.1111103,1.0255978,32.703705,28.555555,41.0,28.555555,-12.444445,24.88889,-12.444445,41.0,0.30882394,-2.0932033
CEMENT,7.0,154.0,9,0.0,0.11111111,3.0555546,3.8321257,3.8333328,2.178176,50.703705,44.555557,64.0,43.555557,-18.444445,39.88889,-21.444445,64.0,0.3213451,-2.033077
CEMENT,152.0,83.0,9,0.0,0.0,4.444444,1.3277657,0.94444436,0.6804135,26.518518,23.333334,33.22222,23.0,-9.555555,20.11111,-10.555555,33.22222,0.30741498,-2.0632424
CEMENT,187.0,75.0,9,0.0,0.0,1.5555559,0.9108403,5.6666665,4.8027763,39.703705,35.77778,48.22222,35.11111,-11.777778,25.555555,-13.777778,48.22222,0.27505925,-2.036435
CEMENT,147.0,125.0,9,0.0,0.0,6.388889,3.9238105,1.3333327,0.7601168,43.22222,37.22222,55.0,37.444443,-18.0,35.333332,-17.333334,55.0,0.32463875,-2.0964737
CEMENT,252.0,76.0,9,0.0,0.0,1.7222214,1.1434186,0.5555547,0.34426576,42.296295,36.0,54.11111,36.77778,-18.88889,35.444443,-16.555555,54.11111,0.334876,-2.1390018
CEMENT,189.0,48.0,9,0.0,0.0,0.72222203,0.38968173,4.6666665,4.3050365,42.074074,38.77778,49.88889,37.555557,-9.888889,23.444445,-13.555555,49.88889,0.24524052,-2.0032587
CEMENT,157.0,20.0,9,0.0,0.0,1.3333334,0.7601168,4.944444,4.479171,35.48148,32.0,42.77778,31.666666,-10.444445,21.88889,-11.444445,42.77778,0.26195785,-2.045203
CEMENT,90.0,36.0,9,0.0,0.0,0.94444275,0.32773143,1.1111094,1.2232299,66.37037,56.555557,84.77778,57.77778,-29.444445,55.22222,-25.777779,84.77778,0.33281505,-2.1385806
CEMENT,75.0,65.0,9,0.0,0.0,2.5,1.1105564,1.5555553,0.9349202,57.74074,50.444443,72.66667,50.11111,-21.88889,44.77778,-22.88889,72.66667,0.31478265,-2.077647
CEMENT,104.0,147.0,9,0.0,0.11111111,3.1111114,2.1875062,4.6666665,2.5991445,49.77778,43.77778,62.444443,43.11111,-18.0,38.0,-20.0,62.444443,0.30910617,-2.0563772
CEMENT,245.0,110.0,9,0.0,0.0,4.88889,3.4426522,1.7777783,1.8094413,34.11111,29.11111,44.444443,28.777779,-15.0,31.0,-16.0,44.444443,0.35354832,-2.0686526
CEMENT,47.0,121.0,9,0.0,0.0,0.88888866,1.0255988,4.888888,3.208784,53.666668,46.88889,66.88889,47.22222,-20.333334,39.666668,-19.333334,66.88889,0.30067223,-2.1102333
CEMENT,162.0,159.0,9,0.0,0.0,2.1666667,0.9603238,2.2222223,1.4555128,26.11111,25.222221,29.555555,23.555555,-2.6666667,10.333333,-7.6666665,29.555555,0.20284556,-1.8025542
CEMENT,18.0,43.0,9,0.0,0.0,1.8888893,1.7722137,1.5555567,1.2232332,64.703705,54.88889,82.55556,56.666668,-29.444445,53.555557,-24.11111,82.55556,0.3351151,-2.1605515
FOLIAGE,7.0,90.0,9,0.0,0.0,1.2777777,0.8541836,2.4444444,2.0184336,4.6666665,2.5555556,5.7777777,5.6666665,-6.3333335,3.3333333,3.0,6.2222223,0.66534394,-3.0441751
FOLIAGE,19.0,133.0,9,0.0,0.0,0.0,0.0,0.0,0.0,0.0,0.0,0.0,0.0,0.0,0.0,0.0,0.0,0.0,0.0
FOLIAGE,29.0,85.0,9,0.0,0.0,2.833333,2.9420328,2.3888888,3.0508046,4.0740743,2.1111112,6.7777777,3.3333333,-5.888889,8.111111,-2.2222223,6.7777777,0.76296294,-2.3698635
FOLIAGE,37.0,104.0,9,0.0,0.0,7.8333325,9.713106,22.111109,21.61858,18.62963,14.888889,23.444445,17.555555,-11.222222,14.444445,-3.2222223,23.444445,0.6076133,-2.4250698
FOLIAGE,59.0,120.0,9,0.0,0.0,2.1666667,1.9860634,1.4444441,1.8698385,19.074074,10.555555,33.11111,13.555555,-25.555555,42.11111,-16.555555,33.11111,0.6812664,-2.2312608
FOLIAGE,104.0,139.0,9,0.0,0.0,0.33333334,0.5163977,0.33333334,0.5163977,0.6666667,0.0,1.7777778,0.22222222,-2.0,3.3333333,-1.3333334,1.7777778,1.0,-2.1507304
FOLIAGE,81.0,145.0,9,0.0,0.11111111,4.5555553,4.5346413,7.5,6.1128287,13.444445,9.888889,20.11111,10.333334,-10.666667,20.0,-9.333333,20.11111,0.53272784,-2.0623195
FOLIAGE,108.0,146.0,9,0.0,0.0,0.0,0.0,0.0,0.0,0.0,0.0,0.0,0.0,0.0,0.0,0.0,0.0,0.0,0.0
FOLIAGE,18.0,66.0,9,0.0,0.0,8.666665,9.089677,10.944443,5.289054,39.88889,32.333336,49.555557,37.77778,-22.666666,29.0,-6.3333335,49.555557,0.3501687,-2.43063
FOLIAGE,33.0,94.0,9,0.0,0.0,1.3333336,0.21081811,2.5555556,1.6420401,5.888889,3.2222223,7.7777777,6.6666665,-8.0,5.6666665,2.3333333,7.7777777,0.60978836,-2.869948
FOLIAGE,21.0,64.0,9,0.0,0.0,16.277779,12.948471,20.222223,17.629103,31.0,24.666666,38.0,30.333334,-19.0,21.0,-2.0,38.0,0.40074632,-2.593825
FOLIAGE,71.0,125.0,9,0.0,0.0,0.6666667,0.47140455,0.7222223,0.49065357,16.407408,12.444445,23.666666,13.111111,-11.888889,21.777779,-9.888889,25.333334,0.56104016,-1.7934027
FOLIAGE,58.0,125.0,9,0.0,0.0,2.1666667,1.1105559,1.0555559,0.90472007,18.555555,11.111111,30.666666,13.888889,-22.333334,36.333332,-14.0,30.666666,0.6384555,-2.2419562
FOLIAGE,96.0,130.0,9,0.0,0.0,0.5555555,0.45542008,1.2222222,0.65546143,2.4074075,0.44444445,5.0,1.7777778,-5.888889,7.7777777,-1.8888888,5.0,0.93121696,-2.3662155
FOLIAGE,33.0,98.0,9,0.0,0.0,0.6111111,0.611616,1.3333331,0.9189368,2.0370371,0.5555556,3.5555556,2.0,-4.4444447,4.5555553,-0.11111111,3.5555556,0.8833333,-2.5488977
FOLIAGE,33.0,132.0,9,0.11111111,0.0,1.0555555,0.99814653,1.7222222,0.99814636,1.962963,0.6666667,4.2222223,1.0,-3.8888888,6.7777777,-2.8888888,4.2222223,0.6768879,-2.1524317
FOLIAGE,37.0,103.0,9,0.0,0.0,1.7777777,2.1256804,2.9444447,3.421609,3.851852,1.8888888,6.2222223,3.4444444,-5.888889,7.111111,-1.2222222,6.2222223,0.79907405,-2.497929
FOLIAGE,14.0,136.0,9,0.0,0.0,0.0,0.0,0.0,0.0,0.0,0.0,0.0,0.0,0.0,0.0,0.0,0.0,0.0,0.0
FOLIAGE,47.0,127.0,9,0.0,0.0,1.166667,0.9603239,1.0555559,0.49065298,17.592592,9.0,30.11111,13.666667,-25.777779,37.555557,-11.777778,30.11111,0.70147634,-2.326275
FOLIAGE,118.0,125.0,9,0.0,0.0,0.33333334,0.29814234,0.88888884,0.34426528,1.1481482,0.0,3.1111112,0.33333334,-3.4444444,5.888889,-2.4444444,3.1111112,1.0,-2.1756468
FOLIAGE,98.0,126.0,9,0.0,0.0,1.0555555,0.71232533,0.9444444,0.49065322,2.7777777,0.5555556,5.2222223,2.5555556,-6.6666665,7.3333335,-0.6666667,5.2222223,0.90899473,-2.5365143
FOLIAGE,90.0,122.0,9,0.11111111,0.0,1.6666669,1.398412,1.1666669,0.69121486,16.185184,10.222222,25.333334,13.0,-17.88889,27.444445,-9.555555,25.333334,0.584744,-2.2472665
FOLIAGE,106.0,107.0,9,0.0,0.0,1.111111,0.72008204,0.6666667,0.4216372,22.555555,13.0,36.0,18.666668,-28.666666,40.333332,-11.666667,36.0,0.6385408,-2.3546174
FOLIAGE,124.0,113.0,9,0.0,0.0,0.38888887,0.38968176,0.2777778,0.3277307,0.962963,0.0,2.7777777,0.11111111,-2.8888888,5.4444447,-2.5555556,2.7777777,1.0,-2.123254
FOLIAGE,57.0,119.0,9,0.0,0.0,2.2777774,2.0266733,1.7777777,1.721326,20.592592,12.222222,33.666668,15.888889,-25.11111,39.22222,-14.111111,33.666668,0.6356236,-2.2681484
FOLIAGE,117.0,110.0,9,0.0,0.0,2.3333333,2.9059324,2.277777,1.9022408,17.222221,9.222222,29.0,13.444445,-24.0,35.333332,-11.333333,29.0,0.6807869,-2.321226
FOLIAGE,67.0,136.0,9,0.0,0.0,6.722223,3.7083488,2.6666667,3.1972213,15.518518,9.0,25.333334,12.222222,-19.555555,29.444445,-9.888889,25.333334,0.66081303,-2.3075109
FOLIAGE,58.0,128.0,9,0.11111111,0.0,2.9444447,1.75647,2.4444444,1.6821501,16.481482,10.111111,25.88889,13.444445,-19.11111,28.222221,-9.111111,25.88889,0.6133847,-2.3163002
FOLIAGE,91.0,120.0,9,0.0,0.0,1.3888893,0.9289578,0.61111146,0.77220225,16.851852,11.222222,25.777779,13.555555,-16.88889,26.777779,-9.888889,25.777779,0.5621582,-2.2308207
FOLIAGE,18.0,87.0,9,0.0,0.0,1.5555555,1.9626132,1.8888887,1.7469552,2.925926,1.2222222,5.6666665,1.8888888,-5.111111,8.222222,-3.1111112,5.6666665,0.86277056,-2.2294934
FOLIAGE,98.0,133.0,9,0.0,0.0,0.5555555,0.17213255,0.38888887,0.3277307,0.962963,0.0,2.7777777,0.11111111,-2.8888888,5.4444447,-2.5555556,2.7777777,1.0,-2.123254
FOLIAGE,68.0,127.0,9,0.0,0.0,1.0555553,0.97562903,1.2777777,0.8277589,16.37037,10.888889,26.444445,11.777778,-16.444445,30.222221,-13.777778,26.444445,0.6014436,-2.0358076
FOLIAGE,121.0,120.0,9,0.0,0.0,0.9444445,0.250924,0.72222215,0.8798147,3.5185184,1.1111112,6.5555553,2.8888888,-7.2222223,9.111111,-1.8888888,6.5555553,0.8399471,-2.4337952
FOLIAGE,115.0,111.0,9,0.0,0.0,0.55555564,0.40368685,1.9444437,1.0417223,18.037037,9.666667,30.11111,14.333333,-25.11111,36.22222,-11.111111,30.11111,0.67951304,-2.3333182
FOLIAGE,90.0,116.0,9,0.0,0.0,1.277778,0.85418403,1.3333336,1.1352925,18.74074,11.777778,29.555555,14.888889,-20.88889,32.444443,-11.555555,29.555555,0.5961039,-2.2599666
FOLIAGE,99.0,130.0,9,0.0,0.0,0.5555555,0.45542014,0.5555555,0.5443311,1.3703704,0.11111111,3.3333333,0.6666667,-3.7777777,5.888889,-2.1111112,3.3333333,0.9777778,-2.2390292
FOLIAGE,20.0,70.0,9,0.0,0.0,11.499999,8.767999,7.944445,6.9166985,18.592592,13.666667,23.88889,18.222221,-14.777778,15.888889,-1.1111112,23.88889,0.47688422,-2.5891109
FOLIAGE,119.0,115.0,9,0.0,0.11111111,2.4444444,1.5729189,5.0,2.9363625,7.5555553,3.5555556,12.888889,6.2222223,-12.0,16.0,-4.0,12.888889,0.7672355,-2.3909924
FOLIAGE,10.0,112.0,9,0.0,0.0,0.33333334,0.42163706,0.50000006,0.1825741,0.44444445,0.0,1.2222222,0.11111111,-1.3333334,2.3333333,-1.0,1.2222222,0.6666667,-2.1519136
FOLIAGE,35.0,107.0,9,0.0,0.0,10.222221,14.967619,9.833333,17.54708,9.518518,7.3333335,12.222222,9.0,-6.5555553,8.111111,-1.5555556,12.222222,0.6749559,-2.4929647
FOLIAGE,33.0,131.0,9,0.0,0.0,0.44444445,0.80737346,1.0,1.0954453,0.7407407,0.22222222,1.7777778,0.22222222,-1.5555556,3.1111112,-1.5555556,1.7777778,0.4074074,-2.0943952
FOLIAGE,23.0,92.0,9,0.0,0.11111111,4.111111,4.63641,7.0,5.688196,12.666667,8.777778,18.666668,10.555555,-11.666667,18.0,-6.3333335,18.666668,0.56489813,-2.2805607
FOLIAGE,13.0,83.0,9,0.0,0.0,0.83333325,0.54772246,0.6666666,0.63245547,3.7037036,1.5555556,6.0,3.5555556,-6.4444447,6.888889,-0.44444445,6.0,0.7404762,-2.5733812
FOLIAGE,85.0,121.0,9,0.0,0.0,1.611111,1.0628405,0.94444495,0.71232516,17.222221,8.888889,29.222221,13.555555,-25.0,36.0,-11.0,29.222221,0.696178,-2.3358712
FOLIAGE,101.0,137.0,9,0.0,0.0,0.44444445,0.50184834,0.8333333,0.8096638,1.1481482,0.22222222,2.6666667,0.5555556,-2.7777777,4.5555553,-1.7777778,2.6666667,0.95,-2.2005885
FOLIAGE,75.0,113.0,9,0.0,0.11111111,2.944445,4.1226563,6.1666665,6.2245026,27.88889,17.11111,44.22222,22.333334,-32.333332,49.0,-16.666666,44.22222,0.62207055,-2.2966495
FOLIAGE,45.0,126.0,9,0.0,0.0,7.0,3.870114,2.5555556,1.7971169,10.185185,4.888889,17.222223,8.444445,-15.888889,21.11111,-5.2222223,17.222223,0.7364309,-2.4498394
FOLIAGE,113.0,130.0,9,0.0,0.0,0.27777776,0.25092423,0.33333328,0.3651483,0.8888889,0.0,2.5555556,0.11111111,-2.6666667,5.0,-2.3333333,2.5555556,1.0,-2.123254
FOLIAGE,64.0,114.0,9,0.0,0.0,5.166667,6.320163,8.833333,8.66859,29.814816,18.333334,47.22222,23.88889,-34.444443,52.22222,-17.777779,47.22222,0.62924504,-2.2953806
FOLIAGE,33.0,100.0,9,0.0,0.0,0.72222227,0.53402746,0.66666675,0.3651482,1.2222222,0.11111111,2.7777777,0.7777778,-3.3333333,4.6666665,-1.3333334,2.7777777,0.9777778,-2.3370957
FOLIAGE,118.0,109.0,9,0.0,0.11111111,3.5555553,2.6555324,3.9999993,3.0840094,13.296296,7.0,22.333334,10.555555,-18.88889,27.11111,-8.222222,22.333334,0.694627,-2.3440928
FOLIAGE,18.0,70.0,9,0.0,0.11111111,9.444444,5.897896,9.944444,6.9487534,21.037037,16.222223,26.666666,20.222221,-14.444445,16.88889,-2.4444444,26.666666,0.4158355,-2.5142038
FOLIAGE,93.0,127.0,9,0.0,0.0,1.1111112,0.83444345,1.0,0.7888106,3.8148148,1.3333334,6.7777777,3.3333333,-7.4444447,8.888889,-1.4444444,6.7777777,0.8272487,-2.4745617
FOLIAGE,39.0,124.0,9,0.0,0.11111111,5.3333335,4.774935,6.5000005,4.544838,7.5925927,4.111111,12.888889,5.7777777,-10.444445,15.888889,-5.4444447,12.888889,0.7721516,-2.2657473
FOLIAGE,93.0,147.0,9,0.0,0.0,3.0555553,3.5864975,3.5555553,3.2157025,7.703704,6.4444447,9.888889,6.7777777,-3.7777777,6.5555553,-2.7777777,9.888889,0.3494709,-2.0645137
FOLIAGE,45.0,108.0,9,0.0,0.11111111,25.5,12.795401,27.277779,15.930981,49.814816,41.77778,61.11111,46.555557,-24.11111,33.88889,-9.777778,61.11111,0.35897508,-2.3604913
FOLIAGE,70.0,122.0,9,0.0,0.0,3.6666667,4.033196,4.111111,3.7810435,19.88889,17.88889,25.11111,16.666668,-6.0,15.666667,-9.666667,26.444445,0.40249237,-1.5402138
FOLIAGE,123.0,143.0,9,0.0,0.0,0.2777778,0.3896817,0.2777778,0.13608274,0.4074074,0.0,1.2222222,0.0,-1.2222222,2.4444444,-1.2222222,1.2222222,0.7777778,-2.0943952
FOLIAGE,14.0,90.0,9,0.11111111,0.0,2.9444447,2.435083,3.3333333,3.211092,5.0,2.5555556,7.3333335,5.111111,-7.3333335,7.0,0.33333334,7.3333335,0.7252886,-2.6393893
FOLIAGE,9.0,76.0,9,0.0,0.0,1.2777778,1.4207457,1.6666666,1.8618987,2.4444444,0.8888889,4.666667,1.7777778,-4.6666665,6.6666665,-2.0,4.666667,0.87222224,-2.3408008
FOLIAGE,17.0,98.0,9,0.11111111,0.0,0.72222215,0.71232533,0.6666667,0.73029673,1.5185186,0.33333334,2.8888888,1.3333334,-3.5555556,4.111111,-0.5555556,2.8888888,0.9166667,-2.4238
FOLIAGE,25.0,138.0,9,0.11111111,0.0,1.2777777,1.1434193,0.72222215,0.49065349,5.185185,2.0,9.333334,4.2222223,-9.555555,12.444445,-2.8888888,9.333334,0.7900112,-2.4068089
FOLIAGE,68.0,122.0,9,0.0,0.0,2.777778,2.0294137,1.5555559,1.9962927,20.148148,14.222222,31.11111,15.111111,-17.777779,32.88889,-15.111111,31.11111,0.54582953,-2.0601704
FOLIAGE,54.0,140.0,9,0.11111111,0.0,0.72222215,0.4430532,1.7777777,1.0470418,8.333333,3.7777777,14.0,7.2222223,-13.666667,17.0,-3.3333333,14.0,0.73447025,-2.4423232
FOLIAGE,88.0,136.0,9,0.0,0.0,1.8333331,1.149879,2.0555553,2.112573,8.0,4.111111,13.222222,6.6666665,-11.666667,15.666667,-4.0,13.222222,0.6950877,-2.412671
FOLIAGE,83.0,126.0,9,0.0,0.0,0.72222203,0.5340271,0.94444436,0.5741338,11.185185,5.2222223,20.0,8.333334,-17.88889,26.444445,-8.555555,20.0,0.73926485,-2.313534
FOLIAGE,6.0,118.0,9,0.0,0.0,0.055555563,0.13608278,0.055555563,0.13608278,0.037037037,0.0,0.11111111,0.0,-0.11111111,0.22222222,-0.11111111,0.11111111,0.11111111,-2.0943952
FOLIAGE,86.0,140.0,9,0.0,0.0,5.444444,4.7687263,3.0555556,2.6784468,9.925926,6.0,15.111111,8.666667,-11.777778,15.555555,-3.7777777,15.111111,0.627944,-2.417818
FOLIAGE,74.0,122.0,9,0.0,0.0,1.2222222,1.2412658,1.3333331,0.6992059,16.148148,8.0,28.333334,12.111111,-24.444445,36.555557,-12.111111,28.333334,0.71822083,-2.305989
FOLIAGE,101.0,121.0,9,0.11111111,0.0,0.6666667,0.843274,1.5,0.88819396,3.4074075,1.1111112,6.0,3.1111112,-6.888889,7.7777777,-0.8888889,6.0,0.8435185,-2.5191648
FOLIAGE,109.0,146.0,9,0.0,0.0,0.055555556,0.13608277,0.055555556,0.13608277,0.037037037,0.0,0.11111111,0.0,-0.11111111,0.22222222,-0.11111111,0.11111111,0.11111111,-2.0943952
FOLIAGE,14.0,71.0,9,0.0,0.0,13.055554,10.382501,21.888885,16.536379,31.851852,25.555555,40.22222,29.777779,-18.88889,25.11111,-6.2222223,40.22222,0.39567065,-2.4018247
FOLIAGE,22.0,133.0,9,0.0,0.0,0.0,0.0,0.0,0.0,0.0,0.0,0.0,0.0,0.0,0.0,0.0,0.0,0.0,0.0
FOLIAGE,21.0,122.0,9,0.0,0.0,0.44444445,0.4036867,0.44444445,0.4036867,0.5555556,0.0,1.2222222,0.44444445,-1.6666666,2.0,-0.33333334,1.2222222,0.5555556,-2.4445627
FOLIAGE,104.0,134.0,9,0.0,0.0,0.5,0.18257418,0.8333333,0.27888662,1.7777778,0.11111111,3.8888888,1.3333334,-5.0,6.3333335,-1.3333334,3.8888888,0.9777778,-2.4225056
FOLIAGE,69.0,139.0,9,0.0,0.0,2.8333328,1.7732588,2.1111112,1.6688871,18.074074,16.0,22.555555,15.666667,-6.2222223,13.444445,-7.2222223,23.88889,0.38661182,-1.7028334
FOLIAGE,96.0,138.0,9,0.0,0.0,0.72222227,0.6469301,0.94444436,0.7123256,1.1481482,0.11111111,2.7777777,0.5555556,-3.1111112,4.888889,-1.7777778,2.7777777,0.9777778,-2.219242
FOLIAGE,27.0,112.0,9,0.0,0.0,0.22222222,0.34426522,0.11111113,0.27216557,0.14814815,0.0,0.44444445,0.0,-0.44444445,0.8888889,-0.44444445,0.44444445,0.22222222,-2.0943952
FOLIAGE,33.0,142.0,9,0.0,0.0,1.888889,1.3770607,0.88888884,1.4089661,3.851852,1.6666666,7.2222223,2.6666667,-6.5555553,10.111111,-3.5555556,7.2222223,0.8135803,-2.2806025
FOLIAGE,76.0,138.0,9,0.0,0.22222222,3.2222226,3.8796716,5.5,2.4289908,16.518518,9.888889,24.777779,14.888889,-19.88889,24.777779,-4.888889,24.777779,0.60921985,-2.4395385
FOLIAGE,96.0,115.0,9,0.0,0.0,1.9999999,0.9660915,3.3333333,1.4142128,14.777778,8.444445,22.88889,13.0,-19.0,24.333334,-5.3333335,22.88889,0.6183277,-2.4590404
FOLIAGE,17.0,108.0,9,0.0,0.0,1.2777778,0.64693,1.1666666,0.91287076,1.8518518,0.5555556,3.3333333,1.6666666,-3.8888888,4.4444447,-0.5555556,3.3333333,0.8759259,-2.463852
FOLIAGE,94.0,127.0,9,0.0,0.0,0.77777785,0.5018486,0.77777773,0.6885305,2.7407408,0.5555556,5.5555553,2.1111112,-6.5555553,8.444445,-1.8888888,5.5555553,0.91534394,-2.4089394
FOLIAGE,86.0,136.0,9,0.0,0.0,3.888889,4.193469,2.111111,2.3913426,12.185185,6.6666665,20.88889,9.0,-16.555555,26.11111,-9.555555,20.88889,0.6957549,-2.268991
FOLIAGE,117.0,137.0,9,0.0,0.0,0.27777776,0.3896817,0.38888887,0.25092417,0.7777778,0.0,2.2222223,0.11111111,-2.3333333,4.3333335,-2.0,2.2222223,1.0,-2.123254
FOLIAGE,47.0,119.0,9,0.11111111,0.0,2.2777777,2.2746592,1.3333334,1.3824296,4.3703704,2.1111112,6.7777777,4.2222223,-6.7777777,7.2222223,-0.44444445,6.7777777,0.7329263,-2.587228
FOLIAGE,103.0,125.0,9,0.0,0.0,0.9444445,0.82775915,0.83333343,0.6912146,1.7777778,0.44444445,3.8888888,1.0,-4.0,6.3333335,-2.3333333,3.8888888,0.9238095,-2.2375617
FOLIAGE,17.0,85.0,9,0.11111111,0.0,0.8888889,0.72008216,1.111111,0.7200825,1.7777778,0.44444445,3.4444444,1.4444444,-4.0,5.0,-1.0,3.4444444,0.912963,-2.3776238
FOLIAGE,68.0,115.0,9,0.0,0.0,3.3333333,3.1055503,2.722222,2.7921848,26.037037,18.444445,39.0,20.666668,-22.777779,38.88889,-16.11111,39.0,0.5235376,-2.0906491
FOLIAGE,9.0,131.0,9,0.0,0.0,0.0,0.0,0.0,0.0,0.0,0.0,0.0,0.0,0.0,0.0,0.0,0.0,0.0,0.0
FOLIAGE,59.0,141.0,9,0.11111111,0.0,2.3888888,1.540803,2.1666667,1.278019,12.666667,7.888889,18.555555,11.555555,-14.333333,17.666666,-3.3333333,18.555555,0.58577543,-2.4515712
FOLIAGE,69.0,136.0,9,0.0,0.0,3.1111114,2.8100348,2.777778,3.1669588,19.444445,16.88889,25.777779,15.666667,-7.6666665,19.0,-11.333333,26.666666,0.42529303,-1.6157203
FOLIAGE,85.0,124.0,9,0.0,0.0,1.2222227,0.93491936,2.3888893,1.6788442,14.666667,7.5555553,24.11111,12.333333,-21.333334,28.333334,-7.0,24.11111,0.6911226,-2.3966818
FOLIAGE,113.0,132.0,9,0.0,0.0,0.44444442,0.3442652,0.38888887,0.5340273,1.2962962,0.0,3.4444444,0.44444445,-3.8888888,6.4444447,-2.5555556,3.4444444,1.0,-2.204847
FOLIAGE,14.0,95.0,9,0.0,0.0,1.3333334,0.699206,1.1111112,0.62063295,2.2592592,0.6666667,3.8888888,2.2222223,-4.7777777,4.888889,-0.11111111,3.8888888,0.8740741,-2.5527236
FOLIAGE,103.0,130.0,9,0.0,0.0,0.33333334,0.0,0.27777776,0.38968173,0.7777778,0.0,2.3333335,0.0,-2.3333333,4.6666665,-2.3333333,2.3333335,1.0,-2.0943952
FOLIAGE,3.0,106.0,9,0.0,0.0,0.22222222,0.17213261,0.11111111,0.17213261,0.5555556,0.0,1.6666666,0.0,-1.6666666,3.3333333,-1.6666666,1.6666666,1.0,-2.0943952
FOLIAGE,20.0,117.0,9,0.0,0.0,0.0,0.0,0.0,0.0,0.0,0.0,0.0,0.0,0.0,0.0,0.0,0.0,0.0,0.0
FOLIAGE,92.0,121.0,9,0.0,0.0,1.4444445,1.8216802,2.0555556,2.0593057,14.962963,9.555555,23.444445,11.888889,-16.222221,25.444445,-9.222222,23.444445,0.5964221,-2.2353554
FOLIAGE,27.0,134.0,9,0.0,0.0,1.111111,0.9813067,1.6111113,1.0628402,8.703704,3.6666667,15.888889,6.5555553,-15.111111,21.555555,-6.4444447,15.888889,0.772831,-2.3430035
SKY,97.0,63.0,9,0.0,0.0,0.7222214,0.4430521,0.33333206,0.21081766,108.92593,96.22222,126.111115,104.44444,-38.11111,51.555557,-13.444445,126.111115,0.23688999,-2.3824377
SKY,188.0,42.0,9,0.0,0.0,0.7777786,0.5443299,1.6666679,1.2649081,108.92593,95.666664,126.22222,104.888885,-39.77778,51.88889,-12.111111,126.22222,0.24193405,-2.4103878
SKY,112.0,77.0,9,0.0,0.0,0.94444656,0.57413495,1.1666654,0.80966693,107.62963,93.888885,125.22222,103.77778,-41.22222,52.77778,-11.555555,125.22222,0.2501428,-2.4246798
SKY,83.0,28.0,9,0.0,0.0,0.3888893,0.13608134,0.88888675,0.45542085,112.96296,99.44444,131.11111,108.333336,-40.555557,54.444443,-13.888889,131.11111,0.24151142,-2.3878844
SKY,121.0,82.0,9,0.0,0.0,0.555556,0.34426636,0.6111107,0.44305366,106.51852,92.888885,125.888885,100.77778,-40.88889,58.11111,-17.222221,125.888885,0.2620926,-2.3448718
SKY,142.0,33.0,9,0.0,0.0,0.49999872,0.62360865,0.50000125,0.3496027,110.59259,96.77778,128.66667,106.333336,-41.444443,54.22222,-12.777778,128.66667,0.24777646,-2.4080186
SKY,66.0,109.0,9,0.0,0.0,0.83333206,0.80966556,1.0000013,0.8432756,102.48148,89.44444,122.22222,95.77778,-39.11111,59.22222,-20.11111,122.22222,0.26811782,-2.2975464
SKY,190.0,45.0,9,0.0,0.0,0.6666667,0.66666645,0.7777786,0.54433,108.96296,95.888885,126.888885,104.111115,-39.22222,53.77778,-14.555555,126.888885,0.24428888,-2.3718073
SKY,91.0,54.0,9,0.0,0.0,0.8333333,0.4082483,0.8333346,0.6582833,110.0,97.888885,127.111115,105.0,-36.333332,51.333332,-15.0,127.111115,0.22967392,-2.345744
SKY,53.0,28.0,9,0.0,0.0,0.44444403,0.40368605,1.7777786,0.86066204,111.59259,96.44444,130.66667,107.666664,-45.444443,57.22222,-11.777778,130.66667,0.26183844,-2.4385846
SKY,77.0,36.0,9,0.0,0.0,0.555556,0.17213687,1.0555559,0.6469302,111.92593,98.22222,130.33334,107.22222,-41.11111,55.22222,-14.111111,130.33334,0.24633974,-2.387384
SKY,88.0,91.0,9,0.0,0.0,1.0555559,0.8277575,0.7222214,0.77220345,104.888885,92.55556,123.44444,98.666664,-37.0,55.666668,-18.666666,123.44444,0.2502041,-2.300486
SKY,235.0,46.0,9,0.0,0.0,1.1666654,0.62360954,1.3333321,0.59628177,114.62963,100.888885,132.88889,110.111115,-41.22222,54.77778,-13.555555,132.88889,0.24072178,-2.395028
SKY,192.0,51.0,9,0.0,0.0,0.72222394,0.3896827,0.94444275,0.77220273,108.74074,95.22222,127.0,104.0,-40.555557,54.77778,-14.222222,127.0,0.25013667,-2.3834376
SKY,152.0,18.0,9,0.0,0.0,0.7777774,0.4554219,0.55555725,0.2721644,112.111115,97.22222,130.44444,108.666664,-44.666668,55.0,-10.333333,130.44444,0.2546684,-2.45498
SKY,83.0,54.0,9,0.0,0.0,0.77777606,0.72008145,0.6666667,0.55777204,109.96296,97.55556,127.44444,104.888885,-37.22222,52.444443,-15.222222,127.44444,0.23450433,-2.3511817
SKY,115.0,81.0,9,0.0,0.0,0.72222394,0.64693224,0.72222394,0.38968277,105.92593,91.888885,124.888885,101.0,-42.11111,56.88889,-14.777778,124.888885,0.26421982,-2.3822613
SKY,35.0,67.0,9,0.11111111,0.0,2.6666653,1.1352928,3.833332,1.9407902,106.07407,92.111115,125.55556,100.55556,-41.88889,58.444443,-16.555555,125.55556,0.26643977,-2.3573377
SKY,178.0,16.0,9,0.0,0.0,0.3333346,0.298143,1.4999987,1.2064619,112.96296,99.55556,131.0,108.333336,-40.22222,54.11111,-13.888889,131.0,0.23989888,-2.3850007
SKY,92.0,104.0,9,0.0,0.0,1.7222227,1.4363024,1.8333346,1.3784055,100.51852,87.22222,119.888885,94.44444,-39.88889,58.11111,-18.222221,119.888885,0.27240252,-2.3262012
SKY,66.0,41.0,9,0.0,0.0,0.61111194,0.32773077,0.38889185,0.32773316,109.703705,95.111115,128.88889,105.111115,-43.77778,57.555557,-13.777778,128.88889,0.26204562,-2.404745
SKY,37.0,61.0,9,0.0,0.0,0.6111107,0.49065334,0.555556,0.27216396,109.07407,95.111115,128.33334,103.77778,-41.88889,57.77778,-15.888889,128.33334,0.25886914,-2.3673959
SKY,53.0,78.0,9,0.11111111,0.0,1.2222252,1.0255988,2.6666653,2.2900763,106.85185,93.22222,125.666664,101.666664,-40.88889,56.444443,-15.555555,125.666664,0.25818166,-2.3680825
SKY,222.0,38.0,9,0.11111111,0.0,0.555556,0.40368736,2.1111107,0.6885298,113.48148,100.44444,131.44444,108.55556,-39.11111,53.88889,-14.777778,131.44444,0.23576024,-2.370002
SKY,160.0,30.0,9,0.0,0.0,0.22222137,0.27216452,0.61110944,0.6116157,111.22222,97.666664,129.0,107.0,-40.666668,53.333332,-12.666667,129.0,0.24285044,-2.405295
SKY,155.0,20.0,9,0.0,0.0,0.61111194,0.32772934,0.61111194,0.32772934,111.703705,98.44444,129.55556,107.111115,-39.77778,53.555557,-13.777778,129.55556,0.24010754,-2.3852131
SKY,230.0,12.0,9,0.0,0.0,0.88888806,0.27216384,1.611112,0.97562623,119.03704,107.22222,135.33334,114.55556,-35.444443,48.88889,-13.444445,135.33334,0.20767513,-2.368866
SKY,175.0,14.0,9,0.0,0.0,0.88888806,0.80737144,1.2222227,0.77936065,113.81481,100.111115,132.11111,109.22222,-41.11111,54.88889,-13.777778,132.11111,0.24216007,-2.3911133
SKY,79.0,58.0,9,0.0,0.0,1.0555559,0.5340274,1.0555586,0.68041354,109.07407,96.333336,126.44444,104.44444,-38.22222,52.11111,-13.888889,126.44444,0.23814337,-2.3752072
SKY,84.0,86.0,9,0.0,0.0,0.8333346,0.6912141,1.1666692,0.69121444,105.77778,92.888885,124.111115,100.333336,-38.666668,55.0,-16.333334,124.111115,0.25155202,-2.3437886
SKY,220.0,39.0,9,0.11111111,0.0,0.66666794,0.73029673,1.3333334,1.3333335,113.0,99.44444,131.11111,108.44444,-40.666668,54.333332,-13.666667,131.11111,0.24145858,-2.393564
SKY,58.0,25.0,9,0.0,0.0,0.7777799,0.50184816,0.3888893,0.3277306,112.22222,97.77778,131.33334,107.55556,-43.333332,57.333332,-14.0,131.33334,0.25541002,-2.3968942
SKY,19.0,28.0,9,0.0,0.0,1.1666666,1.2780217,1.111112,1.186343,111.51852,96.111115,131.22223,107.22222,-46.22222,59.11111,-12.888889,131.22223,0.26754448,-2.4259923
SKY,185.0,35.0,9,0.0,0.0,1.3888868,1.0417228,1.1666654,0.80966425,109.111115,96.44444,125.44444,105.44444,-38.0,49.0,-11.0,125.44444,0.23116584,-2.4202032
SKY,253.0,32.0,9,0.0,0.0,0.49999872,0.58689225,1.3333296,0.5577723,116.77778,103.888885,133.33334,113.111115,-38.666668,49.666668,-11.0,133.33334,0.22074823,-2.421193
SKY,171.0,15.0,9,0.0,0.0,0.66666794,0.55777216,0.66666794,0.6992054,113.74074,100.111115,132.0,109.111115,-40.88889,54.77778,-13.888889,132.0,0.24157602,-2.3890254
SKY,238.0,55.0,9,0.0,0.0,0.72222394,0.4906515,1.0,0.557774,113.666664,101.0,132.22223,107.77778,-38.0,55.666668,-17.666666,132.22223,0.23589359,-2.3196974
SKY,231.0,13.0,9,0.0,0.0,1.2777761,0.57413495,1.0,1.0540915,118.666664,106.55556,135.77779,113.666664,-36.333332,51.333332,-15.0,135.77779,0.21508773,-2.3518965
SKY,238.0,25.0,9,0.0,0.0,0.38888678,0.25092345,0.94444656,0.8277594,116.25926,103.666664,133.77779,111.333336,-37.77778,52.555557,-14.777778,133.77779,0.22497466,-2.3601954
SKY,112.0,30.0,9,0.0,0.0,0.55555725,0.2721644,1.2222227,0.7200825,113.25926,100.77778,130.11111,108.888885,-37.444443,50.555557,-13.111111,130.11111,0.22538376,-2.3853076
SKY,80.0,40.0,9,0.0,0.0,0.6111107,0.5741323,0.7222226,0.7722025,110.703705,96.22222,129.0,106.888885,-43.444443,54.88889,-11.444445,129.0,0.2540513,-2.4346924
SKY,220.0,36.0,9,0.0,0.0,0.94444275,0.8004619,1.0555559,0.85418165,114.03704,100.77778,132.44444,108.888885,-39.77778,55.22222,-15.444445,132.44444,0.23908533,-2.3622375
SKY,67.0,40.0,9,0.0,0.0,0.6666654,0.51639676,0.6666667,0.699204,110.03704,95.333336,129.0,105.77778,-44.11111,56.88889,-12.777778,129.0,0.2609661,-2.4194565
SKY,116.0,54.0,9,0.0,0.0,0.61111194,0.44305393,1.7222227,0.9289577,108.85185,96.77778,126.111115,103.666664,-36.22222,51.77778,-15.555555,126.111115,0.23221897,-2.3363297
SKY,123.0,68.0,9,0.0,0.0,0.944444,0.5741346,0.72222394,0.57413423,107.37037,94.22222,126.333336,101.55556,-39.444443,56.88889,-17.444445,126.333336,0.25415963,-2.333212
SKY,11.0,50.0,9,0.11111111,0.0,1.7777773,1.0036945,1.111112,0.9108403,109.25926,93.888885,130.33334,103.55556,-46.11111,63.22222,-17.11111,130.33334,0.27970007,-2.3720198
SKY,103.0,64.0,9,0.0,0.0,0.6666667,0.6992054,1.3333308,0.91893595,108.77778,96.333336,126.22222,103.77778,-37.333332,52.333332,-15.0,126.22222,0.2367968,-2.3554425
SKY,76.0,19.0,9,0.0,0.0,0.944444,0.4430521,0.88888806,0.5837302,114.25926,101.0,132.33334,109.44444,-39.77778,54.22222,-14.444445,132.33334,0.23673333,-2.3759847
SKY,213.0,14.0,9,0.0,0.0,1.0555559,0.57413363,1.6666692,1.3333321,117.0,104.22222,134.11111,112.666664,-38.333332,51.333332,-13.0,134.11111,0.2228557,-2.3903835
SKY,134.0,29.0,9,0.0,0.0,0.7777774,0.40368682,0.44444275,0.40368643,112.07407,98.55556,130.55556,107.111115,-40.555557,55.444443,-14.888889,130.55556,0.24509327,-2.3732064
SKY,78.0,30.0,9,0.0,0.0,0.6666667,0.66666555,0.944444,0.7722014,112.96296,99.333336,131.11111,108.44444,-40.88889,54.444443,-13.555555,131.11111,0.24233662,-2.3950639
SKY,232.0,31.0,9,0.0,0.0,0.5555547,0.34426576,0.7777774,0.34426582,114.96296,101.888885,132.55556,110.44444,-39.22222,52.77778,-13.555555,132.55556,0.23132005,-2.384877
SKY,57.0,89.0,9,0.11111111,0.0,0.5555547,0.27216887,1.2777786,0.77220285,106.07407,93.111115,125.44444,99.666664,-38.88889,58.11111,-19.222221,125.44444,0.25774616,-2.3062038
SKY,112.0,18.0,9,0.0,0.0,0.8333333,0.6912159,0.5,0.27888793,113.77778,102.333336,130.11111,108.888885,-34.333332,49.0,-14.666667,130.11111,0.21325745,-2.3408391
SKY,162.0,14.0,9,0.0,0.0,0.9444453,0.5340297,0.61111325,0.7123269,112.74074,99.0,130.66667,108.55556,-41.22222,53.77778,-12.555555,130.66667,0.24229442,-2.4089675
SKY,104.0,41.0,9,0.0,0.0,0.3888893,0.32773066,0.8333333,0.58689624,112.111115,99.0,129.33334,108.0,-39.333332,51.666668,-12.333333,129.33334,0.23449263,-2.4045534
SKY,179.0,63.0,9,0.0,0.0,0.99999744,0.51639783,6.222223,5.6751566,105.59259,92.666664,123.22222,100.888885,-38.77778,52.88889,-14.111111,123.22222,0.2481359,-2.3752825
SKY,62.0,26.0,9,0.0,0.0,0.7777774,0.27216512,0.44444403,0.40368605,112.22222,98.333336,130.88889,107.44444,-41.666668,56.0,-14.333333,130.88889,0.24869815,-2.38614
SKY,207.0,58.0,9,0.0,0.0,0.7777774,0.34426582,0.88888806,0.58372843,110.37037,97.666664,128.11111,105.333336,-38.11111,53.22222,-15.111111,128.11111,0.2375665,-2.3572707
SKY,174.0,50.0,9,0.0,0.0,1.0000013,0.7601153,0.9444453,0.9525792,107.44444,94.666664,125.77778,101.888885,-38.333332,55.0,-16.666666,125.77778,0.2473368,-2.3372955
SKY,44.0,79.0,9,0.0,0.0,0.44444403,0.34426486,0.7777786,0.4036864,107.74074,93.888885,126.55556,102.77778,-41.555557,56.444443,-14.888889,126.55556,0.2580791,-2.3779652
